145000 5000
143020 6020
141040 7040
139060 8060
137080 9080
135100 10100
134080 12080
132100 13100
131080 15080
129100 16100
128080 18080
126100 19100
126058 21058
125078 21078
124078 22078
123098 22098
122098 23098
122078 24078
121078 25078
120098 25098
119098 26098
119078 27078
118078 28078
117098 28098
116098 29098
116078 30078
115078 31078
114098 31098
113098 32098
113076 33076
113056 34056
112076 34076
111096 34096
111076 35076
110096 35096
110076 36076
110060 36089
109096 36096
109076 37076
108096 37096
108076 38076
107096 38096
107076 39076
107060 39089
106096 39096
106076 40076
105096 40096
105076 41076
104096 41096
104076 42076
104060 42089
103096 42096
103076 43076
102096 43096
102076 44076
101096 44096
101074 45074
101060 45089
100096 45096
100074 46074
99094 46094
99074 47074
98094 47094
98074 48074
98058 48087
97094 48094
97074 49074
97058 49087
96094 49094
96074 50074
95094 50094
95078 50597
95074 51074
95058 51087
94094 51094
94074 52074
94058 52087
93094 52094
93074 53074
92094 53094
92078 53597
92074 54074
92058 54087
91094 54094
91074 55074
91058 55087
90094 55094
90078 55597
90074 56074
89094 56094
89078 56597
89072 57072
89058 57087
88094 57094
88072 58072
88058 58087
87092 58092
87078 58597
87072 59072
86092 59092
86078 59597
86072 60072
86056 60085
85092 60092
85072 61072
85056 61085
84092 61092
84078 61597
84072 62072
84056 62085
83092 62092
83076 62595
83072 63072
83056 63085
83040 63089
82092 63092
82076 63595
82072 64072
82056 64085
81092 64092
81076 64597
81060 64599
81056 65085
80092 65092
80076 65595
80072 66072
80056 66085
80040 66089
79092 66092
79076 66595
79072 67072
79056 67085
78092 67092
78076 67595
78060 67599
78056 68085
77092 68092
77076 68595
77072 69072
77056 69085
77040 69089
76092 69092
76076 69595
76072 70072
76056 70085
75090 70090
75076 70595
75060 70599
75056 71085
74090 71090
74076 71595
74072 72072
74054 72083
74040 72089
73090 72090
73076 72595
73072 73072
73054 73083
72090 73090
72076 73595
72074 73596
72060 73599
72054 74083
71090 74090
71074 74593
71072 75072
71054 75083
71038 75087
70090 75090
70074 75593
70072 76072
70054 76083
70038 76087
69092 76092
69074 76593
69058 76597
69054 77083
68092 77092
68074 77593
68058 77597
68054 78083
68038 78087
67092 78092
67074 78593
67072 79072
67054 79083
67038 79087
66092 79092
66074 79593
66058 79597
66054 80083
65092 80092
65074 80593
65058 80597
65054 81083
65038 81087
64092 81092
64074 81593
64072 82072
64054 82083
64038 82087
63092 82092
63074 82593
63058 82597
63054 83083
62092 83092
62074 83595
62058 83597
62054 84083
62038 84087
61092 84092
61074 84595
61072 85072
61054 85084
61038 85087
60092 85092
60072 85594
60058 85597
60054 86084
59092 86092
59072 86594
59058 86597
59054 87084
59036 87085
58092 87092
58072 87593
58054 88084
58036 88085
57114 88093
57094 88094
57072 88593
57056 88595
57054 89084
57036 89085
56094 89094
56072 89593
56056 89595
56054 90084
56036 90085
55094 90094
55074 90594
55056 90595
55054 91084
55036 91085
54094 91094
54074 91594
54056 91595
54040 91599
54036 92085
53094 92094
53074 92594
53056 92595
53054 93084
53036 93085
52094 93094
52074 93594
52056 93595
52054 94084
52036 94085
51094 94094
51074 94594
51040 94599
51036 95085
50094 95094
50074 95594
50056 95596
50054 96084
50036 96086
49094 96094
49056 96596
49054 97084
49036 97086
48094 97094
48074 97595
48040 97599
48036 98086
47094 98094
47074 98595
47056 98596
47054 99085
47036 99086
46094 99094
46056 99596
46054 100085
46036 100086
45116 100095
45096 100096
45074 100595
45040 100599
45036 101086
44096 101096
44054 101595
43136 102095
43096 102096
43054 102595
43036 103086
42136 103095
42096 103096
42054 103595
42038 103597
42036 104086
41096 104096
41056 104596
41038 104597
40096 105096
40056 105596
40036 106086
39096 106096
39056 106596
39038 106598
39036 107086
38096 107096
38076 107596
38038 107598
37096 108096
37056 108597
37036 109087
36096 109096
36056 109597
36038 109598
36036 110087
35096 110096
35076 110597
35038 110598
34096 111096
34056 111597
34036 112087
33118 112097
33098 112587
33056 112597
33038 112598
33036 113087
32098 113098
32076 113597
32038 113598
31098 114098
31056 114597
31036 115087
30138 115097
30118 115098
30098 115588
30036 115597
29158 116097
29098 116098
29036 116597
28158 117097
28098 117098
28058 117598
28036 118087
27118 118098
27098 118588
27058 118598
27038 119088
27020 119090
26098 119098
26078 119598
26038 119599
25098 120098
25078 121078
25058 121088
25038 121089
24118 121098
24098 121588
24058 121599
24038 122089
24020 122090
23098 122098
23038 122599
22098 123098
22078 124078
22038 124089
21120 124099
21058 124599
21038 125089
21020 125090
20100 125589
20038 125599
19160 126099
19100 126100
19038 127089
18180 127100
18058 127599
18038 128089
18020 128090
17140 128589
17100 128590
17038 128599
16160 129099
16100 129100
16038 130089
16018 130579
15060 130600
14100 131590
13100 132100
13060 133090
12120 133600
12080 134080
11100 134590
10100 135100
10080 136570
9080 137080
9060 138070
8060 139060
8040 140050
7040 141040
7020 142030
6020 143020
6000 144010
5000 145000
