434036 2000
433018 3020
432000 4040
431036 5000
430018 6020
429000 7040
428036 8000
427018 9020
426000 10040
425036 11000
424018 12020
423000 13040
422036 14000
421018 15018
420018 16018
420000 16038
419036 17000
419000 17038
418038 18000
418018 18018
417018 19018
417000 19038
416036 20000
416000 20038
415038 21000
415018 21018
414018 22018
414000 22038
413036 23000
413000 23038
412038 24000
412018 24018
411018 25018
411000 25038
410036 26000
410000 26038
409038 27000
409018 27018
408018 28018
408000 28036
407000 29036
406038 30000
406000 30036
405038 31000
405020 31018
405018 31020
404020 32018
404018 32020
404000 32038
403038 33000
403000 33038
402038 34000
402020 34018
402018 34020
401020 35018
401018 35020
401000 35038
400038 36000
400000 36038
399038 37000
399020 37018
399018 37020
398020 38018
398018 38020
398000 38038
397038 39000
397000 39038
396038 40000
396020 40018
396018 40020
395020 41018
395018 41020
395000 41038
394038 42000
394000 42038
393038 43000
393020 43018
392020 44018
392018 44020
391020 45018
391018 45020
391000 45038
390038 46000
390000 46038
389038 47000
389020 47018
389018 47020
388020 48018
388018 48020
388000 48038
387038 49000
387000 49038
386038 50000
386020 50018
386018 50020
385020 51018
385018 51020
385000 51038
384038 52000
384000 52038
383038 53000
383020 53018
383018 53020
382020 54018
382018 54020
382000 54038
381038 55000
381000 55038
380038 56000
380020 56018
380018 56020
379020 57018
379018 57020
379000 57038
378040 58000
378000 58038
377038 59000
377000 59038
376038 60000
376020 60018
376018 60020
375020 61018
375018 61020
375000 61038
374038 62000
374000 62038
373038 63000
373020 63018
373018 63020
372020 64018
372018 64020
372000 64038
371038 65000
371000 65038
370038 66000
370020 66018
370018 66020
369020 67018
369018 67020
369000 67038
368038 68000
368000 68038
367038 69000
367020 69018
367018 69020
366020 70018
366018 70020
366000 70038
365038 71000
365000 71038
364038 72000
364020 72018
363020 73018
363018 73020
362020 74018
362018 74020
362000 74038
361038 75000
361000 75038
360038 76000
360020 76018
360018 76020
359020 77018
359018 77020
359000 77038
358038 78000
358000 78038
357038 79000
357020 79018
357018 79020
356020 80018
356018 80020
356000 80038
355038 81000
355000 81038
354038 82000
354020 82018
354018 82020
353020 83018
353018 83020
353000 83038
352038 84000
352000 84038
351038 85000
351020 85018
351018 85020
350020 86018
350018 86020
350000 86038
349040 87000
349000 87038
348038 88000
348000 88038
347038 89000
347020 89018
347018 89020
346020 90018
346018 90020
346000 90038
345038 91000
345000 91038
344038 92000
344020 92018
344018 92020
343020 93018
343018 93020
343000 93038
342038 94000
342000 94038
341038 95000
341020 95018
341018 95020
340020 96018
340018 96020
340000 96038
339038 97000
339000 97038
338038 98000
338020 98018
338018 98020
337020 99018
337018 99020
337000 99038
336038 100000
336000 100038
335038 101000
335020 101018
334020 102018
334018 102020
333020 103018
333018 103020
333000 103038
332038 104000
332000 104038
331038 105000
331020 105018
331018 105020
330020 106018
330018 106020
330000 106038
329038 107000
329000 107038
328038 108000
328020 108018
328018 108020
327020 109018
327018 109020
327000 109038
326038 110000
326000 110038
325038 111000
325020 111018
325018 111020
324020 112018
324018 112020
324000 112038
323038 113000
323000 113038
322038 114000
322020 114018
322018 114020
321020 115018
321018 115020
321000 115038
320040 116000
320000 116038
319038 117000
319000 117038
318038 118000
318020 118018
318018 118020
317020 119018
317018 119020
317000 119038
316038 120000
316000 120038
315038 121000
315020 121018
315018 121020
314020 122018
314018 122020
314000 122038
313038 123000
313000 123038
312038 124000
312020 124018
312018 124020
311020 125018
311018 125020
311000 125038
310038 126000
310000 126038
309038 127000
309020 127018
309018 127020
308020 128018
308018 128020
308000 128038
307038 129000
307000 129038
306038 130000
306020 130018
305020 131018
305018 131020
304020 132018
304018 132020
304000 132038
303038 133000
303000 133038
302038 134000
302020 134018
302018 134020
301020 135018
301018 135020
301000 135038
300038 136000
300000 136038
299038 137000
299020 137018
299018 137020
298020 138018
298018 138020
298000 138038
297038 139000
297000 139038
296038 140000
296020 140018
296018 140020
295020 141018
295018 141020
295000 141038
294038 142000
294000 142038
293038 143000
293020 143018
293018 143020
292020 144018
292018 144020
292000 144038
291040 145000
291000 145038
290038 146000
290000 146038
289038 147000
289020 147018
289018 147020
288020 148018
288018 148020
288000 148038
287038 149000
287000 149038
286038 150000
286020 150018
286018 150020
285020 151018
285018 151020
285000 151038
284038 152000
284000 152038
283038 153000
283020 153018
283018 153020
282020 154018
282018 154020
282000 154038
281038 155000
281000 155038
280038 156000
280020 156018
280018 156020
279020 157018
279018 157020
279000 157038
278038 158000
278000 158038
277038 159000
277020 159018
276020 160018
276018 160020
275020 161018
275018 161020
275000 161038
274038 162000
274000 162038
273038 163000
273020 163018
273018 163020
272020 164018
272018 164020
272000 164038
271038 165000
271000 165038
270038 166000
270020 166018
270018 166020
269020 167018
269018 167020
269000 167038
268038 168000
268000 168038
267038 169000
267020 169018
267018 169020
266020 170018
266018 170020
266000 170038
265038 171000
265000 171038
264038 172000
264020 172018
264018 172020
263020 173018
263018 173020
263000 173038
262040 174000
262000 174038
261038 175000
261000 175038
260038 176000
260020 176018
260018 176020
259020 177018
259018 177020
259000 177038
258038 178000
258000 178038
257038 179000
257020 179018
257018 179020
256020 180018
256018 180020
256000 180038
255038 181000
255000 181038
254038 182000
254020 182018
254018 182020
253020 183018
253018 183020
253000 183038
252038 184000
252000 184038
251038 185000
251020 185018
251018 185020
250020 186018
250018 186020
250000 186038
249038 187000
249000 187038
248038 188000
248020 188018
247020 189018
247018 189020
246020 190018
246018 190020
246000 190038
245038 191000
245000 191038
244038 192000
244020 192018
244018 192020
243020 193018
243018 193020
243000 193038
242038 194000
242000 194038
241038 195000
241020 195018
241018 195020
240020 196018
240018 196020
240000 196038
239038 197000
239000 197038
238038 198000
238020 198018
238018 198020
237020 199018
237018 199020
237000 199038
236038 200000
236000 200038
235038 201000
235020 201018
235018 201020
234020 202018
234018 202020
234000 202038
233040 203000
233000 203038
232036 204000
232000 204038
231036 205000
231020 205018
231018 205020
230018 206018
230000 206038
229036 207000
229000 207038
228036 208000
228020 208018
228018 208020
227018 209018
227000 209038
226036 210000
226000 210038
225036 211000
225020 211018
225018 211020
224018 212018
224000 212038
223036 213000
223000 213038
222036 214000
222020 214018
222018 214020
221018 215018
221000 215038
220036 216000
220000 216038
219036 217000
219018 217018
218018 218018
218000 218527
217056 219000
217038 219009
217036 219010
217018 219018
217000 219036
216038 220000
216036 220020
216018 220028
216000 220036
215038 221000
215018 221018
215000 221527
214056 222000
214038 222009
214036 222010
214020 222018
214018 222019
214000 222036
213038 223000
213036 223020
213018 223028
213000 223036
212038 224000
212018 224018
212000 224527
211056 225000
211038 225009
211036 225010
211020 225018
211018 225019
211000 225036
210038 226000
210036 226020
210018 226028
210000 226036
209038 227000
209018 227018
209000 227527
208056 228000
208038 228009
208036 228010
208020 228018
208018 228019
208000 228036
207038 229000
207036 229020
207018 229028
207000 229036
206038 230000
206018 230018
206000 230527
205056 231000
205038 231009
205036 231010
205020 231018
205018 231019
205000 231036
204038 232000
204036 232019
204000 232036
203038 233000
203036 233019
203020 233027
203018 233028
203000 233039
202038 234000
202020 234018
202018 234020
202000 234528
201056 235000
201038 235009
201036 235010
201020 235018
201018 235020
201000 235038
200038 236000
200036 236020
200020 236028
200018 236029
200000 236038
199038 237000
199020 237018
199018 237020
199000 237528
198056 238000
198038 238009
198036 238010
198020 238018
198018 238020
198000 238038
197038 239000
197036 239020
197020 239028
197018 239029
197000 239038
196038 240000
196020 240018
196018 240020
196000 240528
195056 241000
195038 241009
195036 241010
195020 241018
195018 241020
195000 241038
194038 242000
194036 242020
194020 242028
194018 242029
194000 242038
193038 243000
193020 243018
193018 243020
193000 243528
192056 244000
192038 244009
192036 244010
192020 244018
192018 244020
192000 244038
191038 245000
191036 245020
191020 245028
191018 245029
191000 245038
190038 246000
190020 246018
190018 246020
189056 247000
189020 247018
189018 247020
189000 247528
188056 248000
188038 248009
188036 248010
188018 248020
188000 248038
187038 249000
187036 249020
187020 249028
187018 249029
187000 249038
186038 250000
186020 250018
186018 250020
186000 250528
185056 251000
185038 251009
185036 251010
185020 251018
185018 251020
185000 251038
184038 252000
184036 252020
184020 252028
184018 252029
184000 252038
183038 253000
183020 253018
183018 253020
183000 253528
182056 254000
182038 254009
182036 254010
182020 254018
182018 254020
182000 254038
181038 255000
181036 255020
181020 255028
181018 255029
181000 255038
180038 256000
180020 256018
180018 256020
180000 256528
179056 257000
179038 257009
179036 257010
179020 257018
179018 257020
179000 257038
178038 258000
178036 258020
178020 258028
178018 258029
178000 258038
177038 259000
177020 259018
177018 259020
177000 259528
176056 260000
176038 260009
176036 260010
176020 260018
176018 260020
176000 260038
175038 261000
175036 261020
175000 261038
174038 262000
174036 262020
174020 262028
174018 262029
174000 262040
173038 263000
173020 263018
173018 263020
173000 263528
172056 264000
172038 264009
172036 264010
172020 264018
172018 264020
172000 264038
171038 265000
171036 265020
171020 265028
171018 265029
171000 265038
170038 266000
170020 266018
170018 266020
170000 266528
169056 267000
169038 267009
169036 267010
169020 267018
169018 267020
169000 267038
168038 268000
168036 268020
168020 268028
168018 268029
168000 268038
167038 269000
167020 269018
167018 269020
167000 269528
166056 270000
166038 270009
166036 270010
166020 270018
166018 270020
166000 270038
165038 271000
165036 271020
165020 271028
165018 271029
165000 271038
164038 272000
164020 272018
164018 272020
164000 272528
163056 273000
163038 273009
163036 273010
163020 273018
163018 273020
163000 273038
162038 274000
162036 274020
162020 274028
162018 274029
162000 274038
161038 275000
161020 275018
161018 275020
160056 276000
160020 276018
160018 276020
160000 276528
159056 277000
159038 277009
159036 277010
159018 277020
159000 277038
158038 278000
158036 278020
158020 278028
158018 278029
158000 278038
157038 279000
157020 279018
157018 279020
157000 279528
156056 280000
156038 280009
156036 280010
156020 280018
156018 280020
156000 280038
155038 281000
155036 281020
155020 281028
155018 281029
155000 281038
154038 282000
154020 282018
154018 282020
154000 282528
153056 283000
153038 283009
153036 283010
153020 283018
153018 283020
153000 283038
152038 284000
152036 284020
152020 284028
152018 284029
152000 284038
151038 285000
151020 285018
151018 285020
151000 285528
150056 286000
150038 286009
150036 286010
150020 286018
150018 286020
150000 286038
149038 287000
149036 287020
149020 287028
149018 287029
149000 287038
148038 288000
148020 288018
148018 288020
148000 288528
147056 289000
147038 289009
147036 289010
147020 289018
147018 289020
147000 289038
146038 290000
146036 290020
146000 290038
145038 291000
145036 291020
145020 291028
145018 291029
145000 291040
144038 292000
144020 292018
144018 292020
144000 292528
143056 293000
143038 293009
143036 293010
143020 293018
143018 293020
143000 293038
142038 294000
142036 294020
142020 294028
142018 294029
142000 294038
141038 295000
141020 295018
141018 295020
141000 295528
140056 296000
140038 296009
140036 296010
140020 296018
140018 296020
140000 296038
139038 297000
139036 297020
139020 297028
139018 297029
139000 297038
138038 298000
138020 298018
138018 298020
138000 298528
137056 299000
137038 299009
137036 299010
137020 299018
137018 299020
137000 299038
136038 300000
136036 300020
136020 300028
136018 300029
136000 300038
135038 301000
135020 301018
135018 301020
135000 301528
134056 302000
134038 302009
134036 302010
134020 302018
134018 302020
134000 302038
133038 303000
133036 303020
133020 303028
133018 303029
133000 303038
132038 304000
132020 304018
132018 304020
131056 305000
131020 305018
131018 305020
131000 305528
130056 306000
130038 306009
130036 306010
130018 306020
130000 306038
129038 307000
129036 307020
129020 307028
129018 307029
129000 307038
128038 308000
128020 308018
128018 308020
128000 308528
127056 309000
127038 309009
127036 309010
127020 309018
127018 309020
127000 309038
126038 310000
126036 310020
126020 310028
126018 310029
126000 310038
125038 311000
125020 311018
125018 311020
125000 311528
124056 312000
124038 312009
124036 312010
124020 312018
124018 312020
124000 312038
123038 313000
123036 313020
123020 313028
123018 313029
123000 313038
122038 314000
122020 314018
122018 314020
122000 314528
121056 315000
121038 315009
121036 315010
121020 315018
121018 315020
121000 315038
120038 316000
120036 316020
120020 316028
120018 316029
120000 316038
119038 317000
119020 317018
119018 317020
119000 317528
118056 318000
118038 318009
118036 318010
118020 318018
118018 318020
118000 318038
117038 319000
117036 319020
117000 319038
116038 320000
116036 320020
116020 320028
116018 320029
116000 320040
115038 321000
115020 321018
115018 321020
115000 321528
114056 322000
114038 322009
114036 322010
114020 322018
114018 322020
114000 322038
113038 323000
113036 323020
113020 323028
113018 323029
113000 323038
112038 324000
112020 324018
112018 324020
112000 324528
111056 325000
111038 325009
111036 325010
111020 325018
111018 325020
111000 325038
110038 326000
110036 326020
110020 326028
110018 326029
110000 326038
109038 327000
109020 327018
109018 327020
109000 327528
108056 328000
108038 328009
108036 328010
108020 328018
108018 328020
108000 328038
107038 329000
107036 329020
107020 329028
107018 329029
107000 329038
106038 330000
106020 330018
106018 330020
106000 330528
105056 331000
105038 331009
105036 331010
105020 331018
105018 331020
105000 331038
104038 332000
104036 332020
104020 332028
104018 332029
104000 332038
103038 333000
103020 333018
103018 333020
102056 334000
102020 334018
102018 334020
102000 334528
101056 335000
101038 335009
101036 335010
101018 335020
101000 335038
100038 336000
100036 336020
100020 336028
100018 336029
100000 336038
99038 337000
99020 337018
99018 337020
99000 337528
98056 338000
98038 338009
98036 338010
98020 338018
98018 338020
98000 338038
97038 339000
97036 339020
97020 339028
97018 339029
97000 339038
96038 340000
96020 340018
96018 340020
96000 340528
95056 341000
95038 341009
95036 341010
95020 341018
95018 341020
95000 341038
94038 342000
94036 342020
94020 342028
94018 342029
94000 342038
93038 343000
93020 343018
93018 343020
93000 343528
92056 344000
92038 344009
92036 344010
92020 344018
92018 344020
92000 344038
91038 345000
91036 345020
91020 345028
91018 345029
91000 345038
90038 346000
90020 346018
90018 346020
90000 346528
89056 347000
89038 347009
89036 347010
89020 347018
89018 347020
89000 347038
88038 348000
88036 348020
88000 348038
87038 349000
87036 349020
87020 349028
87018 349029
87000 349040
86038 350000
86020 350018
86018 350020
86000 350528
85056 351000
85038 351009
85036 351010
85020 351018
85018 351020
85000 351038
84038 352000
84036 352020
84020 352028
84018 352029
84000 352038
83038 353000
83020 353018
83018 353020
83000 353528
82056 354000
82038 354009
82036 354010
82020 354018
82018 354020
82000 354038
81038 355000
81036 355020
81020 355028
81018 355029
81000 355038
80038 356000
80020 356018
80018 356020
80000 356528
79056 357000
79038 357009
79036 357010
79020 357018
79018 357020
79000 357038
78038 358000
78036 358020
78020 358028
78018 358029
78000 358038
77038 359000
77020 359018
77018 359020
77000 359528
76056 360000
76038 360009
76036 360010
76020 360018
76018 360020
76000 360038
75038 361000
75036 361020
75020 361028
75018 361029
75000 361038
74038 362000
74020 362018
74018 362020
73056 363000
73020 363018
73018 363020
73000 363528
72056 364000
72038 364009
72036 364010
72018 364020
72000 364038
71038 365000
71036 365020
71020 365028
71018 365029
71000 365038
70038 366000
70020 366018
70018 366020
70000 366528
69056 367000
69038 367009
69036 367010
69020 367018
69018 367020
69000 367038
68038 368000
68036 368020
68020 368028
68018 368029
68000 368038
67038 369000
67020 369018
67018 369020
67000 369528
66056 370000
66038 370009
66036 370010
66020 370018
66018 370020
66000 370038
65038 371000
65036 371020
65020 371028
65018 371029
65000 371038
64038 372000
64020 372018
64018 372020
64000 372528
63056 373000
63038 373009
63036 373010
63020 373018
63018 373020
63000 373038
62038 374000
62036 374020
62020 374028
62018 374029
62000 374038
61038 375000
61020 375018
61018 375020
61000 375528
60056 376000
60038 376009
60036 376010
60020 376018
60018 376020
60000 376038
59038 377000
59036 377020
59000 377038
58038 378000
58036 378020
58020 378028
58018 378029
58000 378040
57038 379000
57020 379018
57018 379020
57000 379528
56056 380000
56038 380009
56036 380010
56020 380018
56018 380020
56000 380038
55038 381000
55036 381020
55020 381028
55018 381029
55000 381038
54038 382000
54020 382018
54018 382020
54000 382528
53056 383000
53038 383009
53036 383010
53020 383018
53018 383020
53000 383038
52038 384000
52036 384020
52020 384028
52018 384029
52000 384038
51038 385000
51020 385018
51018 385020
51000 385528
50056 386000
50038 386009
50036 386010
50020 386018
50018 386020
50000 386038
49038 387000
49036 387020
49020 387028
49018 387029
49000 387038
48038 388000
48020 388018
48018 388020
48000 388528
47056 389000
47038 389009
47036 389010
47020 389018
47018 389020
47000 389038
46038 390000
46036 390020
46020 390028
46018 390029
46000 390038
45038 391000
45020 391018
45018 391020
44054 392000
44020 392018
44018 392020
44000 392528
43054 393000
43036 393009
43018 393020
43000 393038
42038 394000
42036 394019
42020 394028
42018 394029
42000 394038
41038 395000
41020 395018
41018 395020
41000 395528
40056 396000
40036 396009
40020 396018
40018 396020
40000 396038
39038 397000
39036 397019
39020 397028
39018 397029
39000 397037
38038 398000
38020 398018
38018 398020
38000 398528
37056 399000
37036 399009
37020 399018
37018 399020
37000 399038
36038 400000
36036 400019
36020 400028
36018 400029
36000 400037
35038 401000
35020 401018
35018 401020
35000 401528
34056 402000
34036 402009
34020 402018
34018 402020
34000 402038
33038 403000
33036 403019
33020 403028
33018 403029
33000 403037
32038 404000
32020 404018
32018 404020
32000 404528
31056 405000
31036 405009
31020 405018
31018 405020
31000 405038
30036 406000
30000 406037
29036 407000
29018 407028
29000 407510
28036 408000
28018 408018
28000 408528
27058 409000
27038 409009
27018 409018
27000 409038
26038 410000
26018 410028
26000 410036
25038 411000
25018 411018
25000 411528
24058 412000
24038 412009
24018 412018
24000 412038
23038 413000
23018 413028
23000 413036
22038 414000
22018 414018
22000 414528
21058 415000
21038 415009
21018 415018
21000 415038
20038 416000
20018 416028
20000 416036
19038 417000
19018 417018
19000 417528
18058 418000
18038 418009
18018 418018
18000 418038
17038 419000
17018 419028
17000 419036
16038 420000
16018 420018
15060 421000
15018 421018
15000 421527
14040 422009
14000 422036
13040 423000
13020 423027
13000 423509
12020 424018
12000 424527
11040 425009
11000 425036
10040 426000
10020 426027
10000 426509
9020 427018
9000 427527
8040 428009
8000 428036
7040 429000
7020 429027
7000 429509
6020 430018
6000 430527
5040 431009
5000 431036
4040 432000
4020 432027
4000 432536
3020 433018
3000 433527
2000 434036
