5656 400
5648 482
5642 546
5640 564
5634 600
5628 646
5626 682
5620 688
5612 728
5606 764
5598 800
5592 832
5584 862
5576 892
5570 920
5562 948
5554 974
5548 1000
5540 1024
5532 1048
5526 1070
5518 1094
5510 1116
5502 1138
5496 1158
5488 1178
5480 1200
5472 1218
5466 1238
5458 1258
5450 1276
5442 1294
5434 1312
5428 1330
5420 1348
5412 1366
5404 1382
5396 1400
5388 1416
5380 1432
5372 1448
5364 1464
5356 1480
5348 1496
5340 1510
5332 1526
5324 1540
5316 1556
5308 1570
5300 1584
5292 1600
5284 1614
5276 1628
5268 1642
5260 1656
5252 1668
5244 1682
5236 1696
5228 1708
5218 1722
5210 1736
5202 1748
5194 1762
5184 1774
5176 1786
5168 1800
5160 1812
5150 1824
5142 1836
5134 1848
5124 1860
5116 1872
5108 1884
5098 1896
5090 1908
5080 1920
5072 1932
5064 1942
5054 1954
5046 1966
5036 1976
5028 1988
5018 2000
5008 2010
5000 2022
4990 2032
4982 2042
4972 2054
4962 2064
4954 2076
4944 2086
4934 2096
4924 2106
4916 2118
4906 2128
4896 2138
4886 2148
4876 2158
4866 2168
4856 2178
4846 2188
4836 2200
4828 2208
4816 2218
4806 2228
4796 2238
4786 2248
4776 2258
4766 2268
4756 2278
4746 2288
4734 2296
4724 2306
4714 2316
4704 2326
4692 2334
4682 2344
4670 2354
4660 2362
4650 2372
4638 2380
4628 2390
4616 2400
4604 2408
4594 2418
4582 2426
4570 2436
4560 2444
4548 2452
4536 2462
4524 2470
4512 2480
4500 2488
4488 2496
4476 2506
4464 2514
4452 2522
4440 2532
4428 2540
4414 2548
4402 2556
4390 2566
4376 2574
4364 2582
4350 2590
4336 2600
4324 2608
4310 2616
4296 2624
4284 2632
4270 2640
4256 2648
4242 2656
4228 2664
4212 2672
4198 2680
4184 2688
4168 2696
4154 2704
4138 2712
4124 2720
4108 2728
4092 2736
4076 2744
4060 2752
4044 2760
4028 2768
4010 2776
3994 2784
3976 2792
3958 2800
3940 2806
3922 2814
3904 2822
3886 2830
3866 2838
3846 2844
3828 2852
3806 2860
3786 2868
3766 2874
3744 2882
3722 2890
3698 2898
3676 2904
3652 2912
3628 2920
3602 2926
3576 2934
3548 2942
3520 2948
3490 2956
3460 2964
3428 2970
3392 2978
3356 2984
3316 2992
3274 3000
3228 3006
3174 3014
3110 3020
3028 3028
3020 3110
3014 3174
3006 3228
3000 3274
2992 3316
2984 3356
2978 3392
2970 3428
2964 3460
2956 3490
2948 3520
2942 3548
2936 3560
2928 3568
2920 3576
2912 3583
2904 3591
2896 3598
2888 3606
2880 3613
2872 3620
2864 3628
2856 3635
2848 3642
2840 3649
2832 3656
2828 3662
2824 3703
2820 3710
2816 3742
2814 3749
2808 3776
2806 3782
2800 3805
2792 3833
2790 3853
2784 3860
2782 3878
2778 3884
2774 3902
2770 3909
2766 3925
2764 3931
2756 3946
2748 3967
2742 3988
2740 4002
2734 4008
2732 4021
2726 4027
2722 4040
2720 4046
2714 4058
2712 4064
2706 4076
2704 4082
2698 4093
2696 4105
2690 4111
2688 4122
2682 4128
2680 4139
2674 4145
2670 4155
2668 4161
2662 4171
2660 4177
2652 4188
2644 4203
2638 4218
2636 4228
2630 4234
2626 4243
2622 4249
2618 4258
2614 4263
2608 4272
2606 4278
2600 4287
2592 4302
2590 4311
2584 4316
2580 4324
2576 4330
2572 4339
2568 4344
2562 4352
2560 4357
2554 4365
2552 4371
2544 4379
2536 4392
2534 4400
2528 4406
2526 4414
2520 4419
2516 4426
2512 4431
2506 4439
2504 4444
2496 4451
2488 4465
2480 4477
2478 4484
2472 4489
2468 4497
2464 4502
2458 4509
2456 4514
2448 4521
2440 4533
2438 4540
2432 4545
2428 4551
2424 4556
2418 4563
2416 4569
2408 4576
2400 4586
2390 4598
2388 4605
2382 4610
2378 4616
2374 4621
2368 4628
2366 4633
2358 4639
2356 4644
2348 4650
2340 4662
2338 4668
2332 4673
2328 4679
2322 4684
2318 4690
2314 4694
2306 4700
2296 4711
2288 4722
2286 4728
2280 4733
2276 4739
2270 4743
2264 4749
2262 4754
2254 4760
2252 4765
2244 4771
2242 4776
2236 4780
2232 4786
2226 4791
2222 4797
2218 4801
2210 4806
2208 4811
2200 4817
2190 4828
2188 4833
2180 4837
2176 4843
2172 4848
2166 4853
2162 4857
2154 4862
2144 4873
2142 4878
2134 4882
2132 4888
2126 4892
2120 4897
2116 4902
2108 4907
2106 4911
2096 4916
2088 4927
2084 4932
2078 4936
2072 4941
2068 4945
2060 4950
2058 4955
2048 4960
2038 4969
2036 4974
2028 4978
2024 4983
2018 4988
2012 4994
2008 4998
2000 5002
1988 5011
1986 5016
1978 5020
1974 5025
1968 5030
1962 5035
1958 5039
1948 5044
1938 5053
1936 5058
1928 5062
1922 5067
1918 5072
1908 5076
1906 5080
1896 5085
1886 5094
1882 5099
1876 5103
1868 5107
1864 5111
1856 5116
1854 5120
1842 5125
1832 5133
1828 5138
1822 5142
1814 5146
1810 5150
1800 5155
1788 5164
1784 5168
1776 5172
1770 5177
1766 5181
1756 5185
1754 5189
1742 5194
1740 5198
1732 5202
1726 5206
1720 5210
1710 5215
1708 5219
1696 5223
1684 5232
1680 5236
1672 5240
1664 5244
1660 5248
1648 5253
1636 5261
1632 5265
1624 5269
1616 5274
1612 5278
1600 5282
1586 5290
1582 5294
1574 5298
1566 5303
1562 5307
1548 5311
1536 5319
1530 5323
1522 5326
1512 5331
1508 5335
1496 5339
1494 5343
1482 5347
1476 5351
1468 5355
1458 5359
1456 5363
1442 5367
1438 5371
1428 5374
1418 5378
1414 5382
1400 5386
1384 5394
1378 5398
1370 5402
1358 5406
1356 5409
1340 5413
1338 5417
1326 5421
1316 5425
1310 5429
1296 5433
1294 5437
1280 5441
1270 5445
1264 5448
1248 5452
1232 5460
1224 5464
1216 5468
1200 5472
1182 5479
1174 5483
1166 5487
1148 5491
1130 5499
1120 5502
1112 5505
1094 5509
1092 5513
1076 5517
1062 5521
1058 5525
1038 5529
1032 5532
1018 5535
1000 5539
978 5547
964 5551
958 5554
938 5557
928 5561
916 5565
894 5569
888 5573
882 5576
870 5577
848 5580
846 5584
824 5587
800 5591
774 5597
764 5601
748 5602
746 5606
720 5609
692 5612
682 5616
662 5620
632 5624
600 5627
564 5640
546 5642
482 5648
400 5656
