2.000000000e+00 1.000000000e+00 
1.997487437e+00 1.015601218e+00 
1.994974874e+00 1.027777778e+00 
1.992462312e+00 1.038051750e+00 
1.989949749e+00 1.046803653e+00 
1.987437186e+00 1.054794521e+00 
1.984924623e+00 1.062404871e+00 
1.982412060e+00 1.069254186e+00 
1.979899497e+00 1.076103501e+00 
1.977386935e+00 1.082191781e+00 
1.974874372e+00 1.087899543e+00 
1.972361809e+00 1.093607306e+00 
1.969849246e+00 1.098934551e+00 
1.967336683e+00 1.104261796e+00 
1.964824121e+00 1.109208524e+00 
1.962311558e+00 1.114155251e+00 
1.959798995e+00 1.118721461e+00 
1.957286432e+00 1.123287671e+00 
1.954773869e+00 1.127473364e+00 
1.952261307e+00 1.132039574e+00 
1.949748744e+00 1.136225266e+00 
1.947236181e+00 1.140410959e+00 
1.944723618e+00 1.144216134e+00 
1.942211055e+00 1.148021309e+00 
1.939698492e+00 1.152207002e+00 
1.937185930e+00 1.155631659e+00 
1.934673367e+00 1.159436834e+00 
1.932160804e+00 1.163242009e+00 
1.929648241e+00 1.166666667e+00 
1.927135678e+00 1.170091324e+00 
1.924623116e+00 1.173515982e+00 
1.922110553e+00 1.176940639e+00 
1.919597990e+00 1.180365297e+00 
1.917085427e+00 1.183789954e+00 
1.914572864e+00 1.186834094e+00 
1.912060302e+00 1.190258752e+00 
1.909547739e+00 1.193302892e+00 
1.907035176e+00 1.196347032e+00 
1.904522613e+00 1.199391172e+00 
1.902010050e+00 1.202435312e+00 
1.899497487e+00 1.205479452e+00 
1.896984925e+00 1.208523592e+00 
1.894472362e+00 1.211187215e+00 
1.891959799e+00 1.214231355e+00 
1.889447236e+00 1.216894977e+00 
1.886934673e+00 1.219939117e+00 
1.884422111e+00 1.222602740e+00 
1.881909548e+00 1.225266362e+00 
1.879396985e+00 1.228310502e+00 
1.876884422e+00 1.230974125e+00 
1.874371859e+00 1.233637747e+00 
1.871859296e+00 1.236301370e+00 
1.869346734e+00 1.238964992e+00 
1.866834171e+00 1.241248097e+00 
1.864321608e+00 1.243911720e+00 
1.861809045e+00 1.246575342e+00 
1.859296482e+00 1.248858447e+00 
1.856783920e+00 1.251522070e+00 
1.854271357e+00 1.254185693e+00 
1.851758794e+00 1.256468798e+00 
1.849246231e+00 1.259132420e+00 
1.846733668e+00 1.261415525e+00 
1.844221106e+00 1.263698630e+00 
1.841708543e+00 1.266362253e+00 
1.839195980e+00 1.268645358e+00 
1.836683417e+00 1.270928463e+00 
1.834170854e+00 1.273211568e+00 
1.831658291e+00 1.275494673e+00 
1.829145729e+00 1.277777778e+00 
1.826633166e+00 1.280060883e+00 
1.824120603e+00 1.282343988e+00 
1.821608040e+00 1.284627093e+00 
1.819095477e+00 1.286910198e+00 
1.816582915e+00 1.289193303e+00 
1.814070352e+00 1.291476408e+00 
1.811557789e+00 1.293378995e+00 
1.809045226e+00 1.295662100e+00 
1.806532663e+00 1.297945205e+00 
1.804020101e+00 1.299847793e+00 
1.801507538e+00 1.302130898e+00 
1.798994975e+00 1.304414003e+00 
1.796482412e+00 1.306316591e+00 
1.793969849e+00 1.308599696e+00 
1.791457286e+00 1.310502283e+00 
1.788944724e+00 1.312404871e+00 
1.786432161e+00 1.314687976e+00 
1.783919598e+00 1.316590563e+00 
1.781407035e+00 1.318873668e+00 
1.778894472e+00 1.320776256e+00 
1.776381910e+00 1.322678843e+00 
1.773869347e+00 1.324581431e+00 
1.771356784e+00 1.326864536e+00 
1.768844221e+00 1.328767123e+00 
1.766331658e+00 1.330669711e+00 
1.763819095e+00 1.332572298e+00 
1.761306533e+00 1.334474886e+00 
1.758793970e+00 1.336377473e+00 
1.756281407e+00 1.338280061e+00 
1.753768844e+00 1.340182648e+00 
1.751256281e+00 1.342465753e+00 
1.748743719e+00 1.343987823e+00 
1.746231156e+00 1.345890411e+00 
1.743718593e+00 1.347792998e+00 
1.741206030e+00 1.349695586e+00 
1.738693467e+00 1.351598174e+00 
1.736180905e+00 1.353500761e+00 
1.733668342e+00 1.355403349e+00 
1.731155779e+00 1.357305936e+00 
1.728643216e+00 1.359208524e+00 
1.726130653e+00 1.360730594e+00 
1.723618090e+00 1.362633181e+00 
1.721105528e+00 1.364535769e+00 
1.718592965e+00 1.366438356e+00 
1.716080402e+00 1.367960426e+00 
1.713567839e+00 1.369863014e+00 
1.711055276e+00 1.371765601e+00 
1.708542714e+00 1.373287671e+00 
1.706030151e+00 1.375190259e+00 
1.703517588e+00 1.376712329e+00 
1.701005025e+00 1.378614916e+00 
1.698492462e+00 1.380517504e+00 
1.695979899e+00 1.382039574e+00 
1.693467337e+00 1.383942161e+00 
1.690954774e+00 1.385464231e+00 
1.688442211e+00 1.387366819e+00 
1.685929648e+00 1.388888889e+00 
1.683417085e+00 1.390410959e+00 
1.680904523e+00 1.392313546e+00 
1.678391960e+00 1.393835616e+00 
1.675879397e+00 1.395738204e+00 
1.673366834e+00 1.397260274e+00 
1.670854271e+00 1.398782344e+00 
1.668341709e+00 1.400684932e+00 
1.665829146e+00 1.402207002e+00 
1.663316583e+00 1.403729072e+00 
1.660804020e+00 1.405631659e+00 
1.658291457e+00 1.407153729e+00 
1.655778894e+00 1.408675799e+00 
1.653266332e+00 1.410197869e+00 
1.650753769e+00 1.412100457e+00 
1.648241206e+00 1.413622527e+00 
1.645728643e+00 1.415144597e+00 
1.643216080e+00 1.416666667e+00 
1.640703518e+00 1.418569254e+00 
1.638190955e+00 1.420091324e+00 
1.635678392e+00 1.421613394e+00 
1.633165829e+00 1.423135464e+00 
1.630653266e+00 1.424657534e+00 
1.628140704e+00 1.426179604e+00 
1.625628141e+00 1.427701674e+00 
1.623115578e+00 1.429223744e+00 
1.620603015e+00 1.430745814e+00 
1.618090452e+00 1.432267884e+00 
1.615577889e+00 1.433789954e+00 
1.613065327e+00 1.435312024e+00 
1.610552764e+00 1.436834094e+00 
1.608040201e+00 1.438356164e+00 
1.605527638e+00 1.439878234e+00 
1.603015075e+00 1.441400304e+00 
1.600502513e+00 1.442922374e+00 
1.597989950e+00 1.444444444e+00 
1.595477387e+00 1.445966514e+00 
1.592964824e+00 1.447488584e+00 
1.590452261e+00 1.449010654e+00 
1.587939698e+00 1.450532725e+00 
1.585427136e+00 1.452054795e+00 
1.582914573e+00 1.453576865e+00 
1.580402010e+00 1.455098935e+00 
1.577889447e+00 1.456621005e+00 
1.575376884e+00 1.457762557e+00 
1.572864322e+00 1.459284627e+00 
1.570351759e+00 1.460806697e+00 
1.567839196e+00 1.462328767e+00 
1.565326633e+00 1.463850837e+00 
1.562814070e+00 1.464992390e+00 
1.560301508e+00 1.466514460e+00 
1.557788945e+00 1.468036530e+00 
1.555276382e+00 1.469558600e+00 
1.552763819e+00 1.470700152e+00 
1.550251256e+00 1.472222222e+00 
1.547738693e+00 1.473744292e+00 
1.545226131e+00 1.475266362e+00 
1.542713568e+00 1.476407915e+00 
1.540201005e+00 1.477929985e+00 
1.537688442e+00 1.479452055e+00 
1.535175879e+00 1.480593607e+00 
1.532663317e+00 1.482115677e+00 
1.530150754e+00 1.483637747e+00 
1.527638191e+00 1.484779300e+00 
1.525125628e+00 1.486301370e+00 
1.522613065e+00 1.487823440e+00 
1.520100503e+00 1.488964992e+00 
1.517587940e+00 1.490487062e+00 
1.515075377e+00 1.491628615e+00 
1.512562814e+00 1.493150685e+00 
1.510050251e+00 1.494672755e+00 
1.507537688e+00 1.495814307e+00 
1.505025126e+00 1.497336377e+00 
1.502512563e+00 1.498477930e+00 
1.500000000e+00 1.500000000e+00 
1.497487437e+00 1.513888889e+00 
1.494974874e+00 1.526826484e+00 
1.492462312e+00 1.537290715e+00 
1.489949749e+00 1.546423135e+00 
1.487437186e+00 1.554604262e+00 
1.484924623e+00 1.562024353e+00 
1.482412060e+00 1.569254186e+00 
1.479899497e+00 1.575722983e+00 
1.477386935e+00 1.582001522e+00 
1.474874372e+00 1.587899543e+00 
1.472361809e+00 1.593417047e+00 
1.469849246e+00 1.598934551e+00 
1.467336683e+00 1.604071537e+00 
1.464824121e+00 1.609208524e+00 
1.462311558e+00 1.613964992e+00 
1.459798995e+00 1.618721461e+00 
1.457286432e+00 1.623097412e+00 
1.454773869e+00 1.627473364e+00 
1.452261307e+00 1.631849315e+00 
1.449748744e+00 1.636225266e+00 
1.447236181e+00 1.640220700e+00 
1.444723618e+00 1.644216134e+00 
1.442211055e+00 1.648021309e+00 
1.439698492e+00 1.651826484e+00 
1.437185930e+00 1.655631659e+00 
1.434673367e+00 1.659436834e+00 
1.432160804e+00 1.663051750e+00 
1.429648241e+00 1.666666667e+00 
1.427135678e+00 1.670091324e+00 
1.424623116e+00 1.673515982e+00 
1.422110553e+00 1.676940639e+00 
1.419597990e+00 1.680365297e+00 
1.417085427e+00 1.683599696e+00 
1.414572864e+00 1.686834094e+00 
1.412060302e+00 1.690068493e+00 
1.409547739e+00 1.693302892e+00 
1.407035176e+00 1.696347032e+00 
1.404522613e+00 1.699391172e+00 
1.402010050e+00 1.702435312e+00 
1.399497487e+00 1.705479452e+00 
1.396984925e+00 1.708333333e+00 
1.394472362e+00 1.711187215e+00 
1.391959799e+00 1.714041096e+00 
1.389447236e+00 1.716894977e+00 
1.386934673e+00 1.719748858e+00 
1.384422111e+00 1.722602740e+00 
1.381909548e+00 1.725266362e+00 
1.379396985e+00 1.728120244e+00 
1.376884422e+00 1.730974125e+00 
1.374371859e+00 1.733637747e+00 
1.371859296e+00 1.736301370e+00 
1.369346734e+00 1.738774734e+00 
1.366834171e+00 1.741248097e+00 
1.364321608e+00 1.743911720e+00 
1.361809045e+00 1.746385084e+00 
1.359296482e+00 1.748858447e+00 
1.356783920e+00 1.751522070e+00 
1.354271357e+00 1.753995434e+00 
1.351758794e+00 1.756468798e+00 
1.349246231e+00 1.758942161e+00 
1.346733668e+00 1.761415525e+00 
1.344221106e+00 1.763698630e+00 
1.341708543e+00 1.766171994e+00 
1.339195980e+00 1.768645358e+00 
1.336683417e+00 1.770928463e+00 
1.334170854e+00 1.773211568e+00 
1.331658291e+00 1.775494673e+00 
1.329145729e+00 1.777777778e+00 
1.326633166e+00 1.780060883e+00 
1.324120603e+00 1.782343988e+00 
1.321608040e+00 1.784627093e+00 
1.319095477e+00 1.786910198e+00 
1.316582915e+00 1.789193303e+00 
1.314070352e+00 1.791286149e+00 
1.311557789e+00 1.793378995e+00 
1.309045226e+00 1.795662100e+00 
1.306532663e+00 1.797754947e+00 
1.304020101e+00 1.799847793e+00 
1.301507538e+00 1.802130898e+00 
1.298994975e+00 1.804223744e+00 
1.296482412e+00 1.806316591e+00 
1.293969849e+00 1.808409437e+00 
1.291457286e+00 1.810502283e+00 
1.288944724e+00 1.812404871e+00 
1.286432161e+00 1.814497717e+00 
1.283919598e+00 1.816590563e+00 
1.281407035e+00 1.818683409e+00 
1.278894472e+00 1.820776256e+00 
1.276381910e+00 1.822678843e+00 
1.273869347e+00 1.824581431e+00 
1.271356784e+00 1.826674277e+00 
1.268844221e+00 1.828767123e+00 
1.266331658e+00 1.830669711e+00 
1.263819095e+00 1.832572298e+00 
1.261306533e+00 1.834474886e+00 
1.258793970e+00 1.836377473e+00 
1.256281407e+00 1.838280061e+00 
1.253768844e+00 1.840182648e+00 
1.251256281e+00 1.842085236e+00 
1.248743719e+00 1.843987823e+00 
1.246231156e+00 1.845890411e+00 
1.243718593e+00 1.847792998e+00 
1.241206030e+00 1.849695586e+00 
1.238693467e+00 1.851598174e+00 
1.236180905e+00 1.853500761e+00 
1.233668342e+00 1.855403349e+00 
1.231155779e+00 1.857305936e+00 
1.228643216e+00 1.859018265e+00 
1.226130653e+00 1.860730594e+00 
1.223618090e+00 1.862633181e+00 
1.221105528e+00 1.864535769e+00 
1.218592965e+00 1.866248097e+00 
1.216080402e+00 1.867960426e+00 
1.213567839e+00 1.869863014e+00 
1.211055276e+00 1.871575342e+00 
1.208542714e+00 1.873287671e+00 
1.206030151e+00 1.875000000e+00 
1.203517588e+00 1.876712329e+00 
1.201005025e+00 1.878614916e+00 
1.198492462e+00 1.880327245e+00 
1.195979899e+00 1.882039574e+00 
1.193467337e+00 1.883751903e+00 
1.190954774e+00 1.885464231e+00 
1.188442211e+00 1.887176560e+00 
1.185929648e+00 1.888888889e+00 
1.183417085e+00 1.890410959e+00 
1.180904523e+00 1.892123288e+00 
1.178391960e+00 1.893835616e+00 
1.175879397e+00 1.895547945e+00 
1.173366834e+00 1.897260274e+00 
1.170854271e+00 1.898782344e+00 
1.168341709e+00 1.900494673e+00 
1.165829146e+00 1.902207002e+00 
1.163316583e+00 1.903729072e+00 
1.160804020e+00 1.905441400e+00 
1.158291457e+00 1.907153729e+00 
1.155778894e+00 1.908675799e+00 
1.153266332e+00 1.910197869e+00 
1.150753769e+00 1.911910198e+00 
1.148241206e+00 1.913622527e+00 
1.145728643e+00 1.915144597e+00 
1.143216080e+00 1.916666667e+00 
1.140703518e+00 1.918378995e+00 
1.138190955e+00 1.920091324e+00 
1.135678392e+00 1.921613394e+00 
1.133165829e+00 1.923135464e+00 
1.130653266e+00 1.924657534e+00 
1.128140704e+00 1.926179604e+00 
1.125628141e+00 1.927701674e+00 
1.123115578e+00 1.929223744e+00 
1.120603015e+00 1.930745814e+00 
1.118090452e+00 1.932267884e+00 
1.115577889e+00 1.933789954e+00 
1.113065327e+00 1.935312024e+00 
1.110552764e+00 1.936834094e+00 
1.108040201e+00 1.938356164e+00 
1.105527638e+00 1.939878234e+00 
1.103015075e+00 1.941400304e+00 
1.100502513e+00 1.942922374e+00 
1.097989950e+00 1.944444444e+00 
1.095477387e+00 1.945966514e+00 
1.092964824e+00 1.947488584e+00 
1.090452261e+00 1.949010654e+00 
1.087939698e+00 1.950532725e+00 
1.085427136e+00 1.952054795e+00 
1.082914573e+00 1.953386606e+00 
1.080402010e+00 1.954908676e+00 
1.077889447e+00 1.956240487e+00 
1.075376884e+00 1.957762557e+00 
1.072864322e+00 1.959284627e+00 
1.070351759e+00 1.960616438e+00 
1.067839196e+00 1.962138508e+00 
1.065326633e+00 1.963470320e+00 
1.062814070e+00 1.964992390e+00 
1.060301508e+00 1.966324201e+00 
1.057788945e+00 1.967846271e+00 
1.055276382e+00 1.969178082e+00 
1.052763819e+00 1.970700152e+00 
1.050251256e+00 1.972031963e+00 
1.047738693e+00 1.973554033e+00 
1.045226131e+00 1.974885845e+00 
1.042713568e+00 1.976407915e+00 
1.040201005e+00 1.977739726e+00 
1.037688442e+00 1.979071537e+00 
1.035175879e+00 1.980593607e+00 
1.032663317e+00 1.981925419e+00 
1.030150754e+00 1.983257230e+00 
1.027638191e+00 1.984779300e+00 
1.025125628e+00 1.986111111e+00 
1.022613065e+00 1.987442922e+00 
1.020100503e+00 1.988964992e+00 
1.017587940e+00 1.990106545e+00 
1.015075377e+00 1.991628615e+00 
1.012562814e+00 1.992960426e+00 
1.010050251e+00 1.994292237e+00 
1.007537688e+00 1.995814307e+00 
1.005025126e+00 1.996955860e+00 
1.002512563e+00 1.998477930e+00 
1.000000000e+00 2.000000000e+00 
