1.660000000e+00 1.378787879e+00 
1.080000000e+00 1.750000000e+00 
1.640000000e+00 1.505050505e+00 
1.420000000e+00 1.373737374e+00 
1.080000000e+00 1.750000000e+00 
1.420000000e+00 1.095959596e+00 
1.340000000e+00 1.325757576e+00 
2.000000000e+00 1.078282828e+00 
1.080000000e+00 1.750000000e+00 
1.500000000e+00 1.047979798e+00 
1.340000000e+00 1.275252525e+00 
1.080000000e+00 1.750000000e+00 
1.180000000e+00 1.343434343e+00 
1.160000000e+00 1.500000000e+00 
1.420000000e+00 1.095959596e+00 
1.240000000e+00 1.295454545e+00 
1.500000000e+00 1.047979798e+00 
1.180000000e+00 1.343434343e+00 
1.240000000e+00 1.295454545e+00 
1.420000000e+00 1.095959596e+00 
1.340000000e+00 1.275252525e+00 
1.160000000e+00 1.500000000e+00 
1.080000000e+00 1.750000000e+00 
1.500000000e+00 1.047979798e+00 
1.160000000e+00 1.500000000e+00 
1.340000000e+00 1.275252525e+00 
1.240000000e+00 1.295454545e+00 
1.420000000e+00 1.095959596e+00 
1.180000000e+00 1.343434343e+00 
1.080000000e+00 1.750000000e+00 
1.500000000e+00 1.047979798e+00 
1.420000000e+00 1.095959596e+00 
1.080000000e+00 1.750000000e+00 
1.240000000e+00 1.295454545e+00 
1.340000000e+00 1.275252525e+00 
1.160000000e+00 1.500000000e+00 
1.180000000e+00 1.343434343e+00 
1.500000000e+00 1.047979798e+00 
1.180000000e+00 1.343434343e+00 
1.160000000e+00 1.500000000e+00 
1.080000000e+00 1.750000000e+00 
1.240000000e+00 1.295454545e+00 
1.340000000e+00 1.275252525e+00 
1.420000000e+00 1.095959596e+00 
1.500000000e+00 1.047979798e+00 
1.420000000e+00 1.095959596e+00 
1.080000000e+00 1.750000000e+00 
1.340000000e+00 1.275252525e+00 
1.160000000e+00 1.500000000e+00 
1.240000000e+00 1.295454545e+00 
1.180000000e+00 1.343434343e+00 
1.500000000e+00 1.047979798e+00 
1.420000000e+00 1.095959596e+00 
1.180000000e+00 1.343434343e+00 
1.340000000e+00 1.275252525e+00 
1.240000000e+00 1.295454545e+00 
1.160000000e+00 1.500000000e+00 
1.080000000e+00 1.750000000e+00 
1.500000000e+00 1.047979798e+00 
1.420000000e+00 1.095959596e+00 
1.160000000e+00 1.500000000e+00 
1.080000000e+00 1.750000000e+00 
1.180000000e+00 1.343434343e+00 
1.240000000e+00 1.295454545e+00 
1.340000000e+00 1.275252525e+00 
1.500000000e+00 1.047979798e+00 
1.160000000e+00 1.500000000e+00 
1.180000000e+00 1.343434343e+00 
1.340000000e+00 1.275252525e+00 
1.080000000e+00 1.750000000e+00 
1.240000000e+00 1.295454545e+00 
1.420000000e+00 1.095959596e+00 
1.500000000e+00 1.047979798e+00 
1.420000000e+00 1.095959596e+00 
1.180000000e+00 1.343434343e+00 
1.160000000e+00 1.500000000e+00 
1.080000000e+00 1.750000000e+00 
1.240000000e+00 1.295454545e+00 
1.340000000e+00 1.275252525e+00 
1.340000000e+00 1.325757576e+00 
1.420000000e+00 1.095959596e+00 
2.000000000e+00 1.078282828e+00 
1.080000000e+00 1.750000000e+00 
1.500000000e+00 1.047979798e+00 
1.340000000e+00 1.275252525e+00 
1.240000000e+00 1.295454545e+00 
1.420000000e+00 1.095959596e+00 
1.080000000e+00 1.750000000e+00 
1.180000000e+00 1.343434343e+00 
1.160000000e+00 1.500000000e+00 
1.500000000e+00 1.047979798e+00 
1.160000000e+00 1.500000000e+00 
1.420000000e+00 1.095959596e+00 
1.340000000e+00 1.275252525e+00 
1.240000000e+00 1.295454545e+00 
1.180000000e+00 1.343434343e+00 
1.080000000e+00 1.750000000e+00 
1.500000000e+00 1.047979798e+00 
1.240000000e+00 1.295454545e+00 
1.180000000e+00 1.343434343e+00 
1.420000000e+00 1.095959596e+00 
1.160000000e+00 1.500000000e+00 
1.340000000e+00 1.275252525e+00 
1.080000000e+00 1.750000000e+00 
1.500000000e+00 1.047979798e+00 
1.340000000e+00 1.275252525e+00 
1.160000000e+00 1.500000000e+00 
1.180000000e+00 1.343434343e+00 
1.240000000e+00 1.295454545e+00 
1.420000000e+00 1.095959596e+00 
1.080000000e+00 1.750000000e+00 
1.500000000e+00 1.047979798e+00 
1.240000000e+00 1.295454545e+00 
1.340000000e+00 1.275252525e+00 
1.080000000e+00 1.750000000e+00 
1.180000000e+00 1.343434343e+00 
1.420000000e+00 1.095959596e+00 
1.160000000e+00 1.500000000e+00 
1.500000000e+00 1.047979798e+00 
1.340000000e+00 1.275252525e+00 
1.420000000e+00 1.095959596e+00 
1.160000000e+00 1.500000000e+00 
1.240000000e+00 1.295454545e+00 
1.180000000e+00 1.343434343e+00 
1.080000000e+00 1.750000000e+00 
1.500000000e+00 1.047979798e+00 
1.160000000e+00 1.500000000e+00 
1.420000000e+00 1.095959596e+00 
1.240000000e+00 1.295454545e+00 
1.340000000e+00 1.275252525e+00 
1.180000000e+00 1.343434343e+00 
1.080000000e+00 1.750000000e+00 
1.500000000e+00 1.047979798e+00 
1.180000000e+00 1.343434343e+00 
1.240000000e+00 1.295454545e+00 
1.340000000e+00 1.275252525e+00 
1.160000000e+00 1.500000000e+00 
1.420000000e+00 1.095959596e+00 
1.080000000e+00 1.750000000e+00 
1.500000000e+00 1.047979798e+00 
1.420000000e+00 1.095959596e+00 
1.160000000e+00 1.500000000e+00 
1.080000000e+00 1.750000000e+00 
1.180000000e+00 1.343434343e+00 
1.340000000e+00 1.275252525e+00 
1.240000000e+00 1.295454545e+00 
1.500000000e+00 1.047979798e+00 
1.340000000e+00 1.275252525e+00 
1.180000000e+00 1.343434343e+00 
1.160000000e+00 1.500000000e+00 
1.240000000e+00 1.295454545e+00 
1.420000000e+00 1.095959596e+00 
1.080000000e+00 1.750000000e+00 
1.420000000e+00 1.095959596e+00 
1.340000000e+00 1.325757576e+00 
2.000000000e+00 1.078282828e+00 
1.080000000e+00 1.750000000e+00 
1.500000000e+00 1.047979798e+00 
1.160000000e+00 1.500000000e+00 
1.080000000e+00 1.750000000e+00 
1.340000000e+00 1.275252525e+00 
1.240000000e+00 1.295454545e+00 
1.180000000e+00 1.343434343e+00 
1.420000000e+00 1.095959596e+00 
1.500000000e+00 1.047979798e+00 
1.080000000e+00 1.750000000e+00 
1.420000000e+00 1.095959596e+00 
1.160000000e+00 1.500000000e+00 
1.240000000e+00 1.295454545e+00 
1.180000000e+00 1.343434343e+00 
1.340000000e+00 1.275252525e+00 
1.500000000e+00 1.047979798e+00 
1.180000000e+00 1.343434343e+00 
1.240000000e+00 1.295454545e+00 
1.340000000e+00 1.275252525e+00 
1.420000000e+00 1.095959596e+00 
1.160000000e+00 1.500000000e+00 
1.080000000e+00 1.750000000e+00 
1.500000000e+00 1.047979798e+00 
1.080000000e+00 1.750000000e+00 
1.160000000e+00 1.500000000e+00 
1.420000000e+00 1.095959596e+00 
1.240000000e+00 1.295454545e+00 
1.180000000e+00 1.343434343e+00 
1.340000000e+00 1.275252525e+00 
1.500000000e+00 1.047979798e+00 
1.080000000e+00 1.750000000e+00 
1.240000000e+00 1.295454545e+00 
1.420000000e+00 1.095959596e+00 
1.180000000e+00 1.343434343e+00 
1.160000000e+00 1.500000000e+00 
1.340000000e+00 1.275252525e+00 
1.500000000e+00 1.047979798e+00 
1.180000000e+00 1.343434343e+00 
1.160000000e+00 1.500000000e+00 
1.420000000e+00 1.095959596e+00 
1.240000000e+00 1.295454545e+00 
1.340000000e+00 1.275252525e+00 
1.080000000e+00 1.750000000e+00 
1.500000000e+00 1.047979798e+00 
1.420000000e+00 1.095959596e+00 
1.340000000e+00 1.275252525e+00 
1.240000000e+00 1.295454545e+00 
1.180000000e+00 1.343434343e+00 
1.160000000e+00 1.500000000e+00 
1.080000000e+00 1.750000000e+00 
1.500000000e+00 1.047979798e+00 
1.420000000e+00 1.095959596e+00 
1.240000000e+00 1.295454545e+00 
1.180000000e+00 1.343434343e+00 
1.340000000e+00 1.275252525e+00 
1.160000000e+00 1.500000000e+00 
1.080000000e+00 1.750000000e+00 
1.500000000e+00 1.047979798e+00 
1.240000000e+00 1.295454545e+00 
1.080000000e+00 1.750000000e+00 
1.340000000e+00 1.275252525e+00 
1.160000000e+00 1.500000000e+00 
1.180000000e+00 1.343434343e+00 
1.420000000e+00 1.095959596e+00 
1.500000000e+00 1.047979798e+00 
1.340000000e+00 1.275252525e+00 
1.420000000e+00 1.095959596e+00 
1.240000000e+00 1.295454545e+00 
1.160000000e+00 1.500000000e+00 
1.180000000e+00 1.343434343e+00 
1.080000000e+00 1.750000000e+00 
1.420000000e+00 1.095959596e+00 
1.340000000e+00 1.325757576e+00 
2.000000000e+00 1.078282828e+00 
1.080000000e+00 1.750000000e+00 
1.500000000e+00 1.047979798e+00 
1.420000000e+00 1.095959596e+00 
1.240000000e+00 1.295454545e+00 
1.080000000e+00 1.750000000e+00 
1.160000000e+00 1.500000000e+00 
1.340000000e+00 1.275252525e+00 
1.180000000e+00 1.343434343e+00 
1.500000000e+00 1.047979798e+00 
1.080000000e+00 1.750000000e+00 
1.340000000e+00 1.275252525e+00 
1.180000000e+00 1.343434343e+00 
1.420000000e+00 1.095959596e+00 
1.240000000e+00 1.295454545e+00 
1.160000000e+00 1.500000000e+00 
1.500000000e+00 1.047979798e+00 
1.180000000e+00 1.343434343e+00 
1.240000000e+00 1.295454545e+00 
1.340000000e+00 1.275252525e+00 
1.420000000e+00 1.095959596e+00 
1.160000000e+00 1.500000000e+00 
1.080000000e+00 1.750000000e+00 
1.500000000e+00 1.047979798e+00 
1.260000000e+00 1.095959596e+00 
1.160000000e+00 1.500000000e+00 
1.240000000e+00 1.295454545e+00 
1.180000000e+00 1.343434343e+00 
1.080000000e+00 1.750000000e+00 
1.500000000e+00 1.047979798e+00 
1.260000000e+00 1.095959596e+00 
1.160000000e+00 1.500000000e+00 
1.240000000e+00 1.295454545e+00 
1.180000000e+00 1.343434343e+00 
1.080000000e+00 1.750000000e+00 
1.500000000e+00 1.047979798e+00 
1.260000000e+00 1.095959596e+00 
1.160000000e+00 1.500000000e+00 
1.180000000e+00 1.343434343e+00 
1.240000000e+00 1.295454545e+00 
1.080000000e+00 1.750000000e+00 
1.500000000e+00 1.047979798e+00 
1.260000000e+00 1.095959596e+00 
1.160000000e+00 1.500000000e+00 
1.080000000e+00 1.750000000e+00 
1.240000000e+00 1.295454545e+00 
1.180000000e+00 1.343434343e+00 
1.500000000e+00 1.047979798e+00 
1.260000000e+00 1.095959596e+00 
1.240000000e+00 1.295454545e+00 
1.180000000e+00 1.343434343e+00 
1.160000000e+00 1.500000000e+00 
1.080000000e+00 1.750000000e+00 
1.500000000e+00 1.047979798e+00 
1.260000000e+00 1.095959596e+00 
1.240000000e+00 1.295454545e+00 
1.180000000e+00 1.343434343e+00 
1.160000000e+00 1.500000000e+00 
1.080000000e+00 1.750000000e+00 
1.500000000e+00 1.047979798e+00 
1.260000000e+00 1.095959596e+00 
1.160000000e+00 1.500000000e+00 
1.240000000e+00 1.295454545e+00 
1.180000000e+00 1.343434343e+00 
1.080000000e+00 1.750000000e+00 
1.340000000e+00 1.325757576e+00 
1.420000000e+00 1.095959596e+00 
2.000000000e+00 1.078282828e+00 
1.080000000e+00 1.750000000e+00 
1.500000000e+00 1.047979798e+00 
1.260000000e+00 1.095959596e+00 
1.180000000e+00 1.343434343e+00 
1.160000000e+00 1.500000000e+00 
1.240000000e+00 1.295454545e+00 
1.080000000e+00 1.750000000e+00 
1.500000000e+00 1.047979798e+00 
1.260000000e+00 1.095959596e+00 
1.240000000e+00 1.295454545e+00 
1.080000000e+00 1.750000000e+00 
1.160000000e+00 1.500000000e+00 
1.180000000e+00 1.343434343e+00 
1.500000000e+00 1.047979798e+00 
1.260000000e+00 1.095959596e+00 
1.160000000e+00 1.500000000e+00 
1.080000000e+00 1.750000000e+00 
1.180000000e+00 1.343434343e+00 
1.240000000e+00 1.295454545e+00 
1.500000000e+00 1.047979798e+00 
1.260000000e+00 1.095959596e+00 
1.240000000e+00 1.295454545e+00 
1.160000000e+00 1.500000000e+00 
1.180000000e+00 1.343434343e+00 
1.080000000e+00 1.750000000e+00 
1.500000000e+00 1.047979798e+00 
1.260000000e+00 1.095959596e+00 
1.240000000e+00 1.295454545e+00 
1.180000000e+00 1.343434343e+00 
1.160000000e+00 1.500000000e+00 
1.080000000e+00 1.750000000e+00 
1.180000000e+00 1.343434343e+00 
1.260000000e+00 1.095959596e+00 
1.160000000e+00 1.500000000e+00 
1.480000000e+00 1.045454545e+00 
1.240000000e+00 1.295454545e+00 
1.080000000e+00 1.750000000e+00 
1.160000000e+00 1.500000000e+00 
1.260000000e+00 1.095959596e+00 
1.180000000e+00 1.343434343e+00 
1.480000000e+00 1.045454545e+00 
1.240000000e+00 1.295454545e+00 
1.080000000e+00 1.750000000e+00 
1.160000000e+00 1.500000000e+00 
1.260000000e+00 1.095959596e+00 
1.240000000e+00 1.295454545e+00 
1.480000000e+00 1.045454545e+00 
1.180000000e+00 1.343434343e+00 
1.080000000e+00 1.750000000e+00 
1.160000000e+00 1.500000000e+00 
1.260000000e+00 1.095959596e+00 
1.180000000e+00 1.343434343e+00 
1.480000000e+00 1.045454545e+00 
1.240000000e+00 1.295454545e+00 
1.080000000e+00 1.750000000e+00 
1.240000000e+00 1.295454545e+00 
1.260000000e+00 1.095959596e+00 
1.160000000e+00 1.500000000e+00 
1.480000000e+00 1.045454545e+00 
1.180000000e+00 1.343434343e+00 
1.080000000e+00 1.750000000e+00 
1.340000000e+00 1.325757576e+00 
1.420000000e+00 1.095959596e+00 
2.000000000e+00 1.078282828e+00 
1.080000000e+00 1.750000000e+00 
1.180000000e+00 1.343434343e+00 
1.260000000e+00 1.095959596e+00 
1.160000000e+00 1.500000000e+00 
1.480000000e+00 1.045454545e+00 
1.240000000e+00 1.295454545e+00 
1.080000000e+00 1.750000000e+00 
1.080000000e+00 1.750000000e+00 
1.260000000e+00 1.095959596e+00 
1.240000000e+00 1.295454545e+00 
1.480000000e+00 1.045454545e+00 
1.180000000e+00 1.343434343e+00 
1.160000000e+00 1.500000000e+00 
1.080000000e+00 1.750000000e+00 
1.260000000e+00 1.095959596e+00 
1.240000000e+00 1.295454545e+00 
1.480000000e+00 1.045454545e+00 
1.180000000e+00 1.343434343e+00 
1.160000000e+00 1.500000000e+00 
1.180000000e+00 1.343434343e+00 
1.260000000e+00 1.095959596e+00 
1.080000000e+00 1.750000000e+00 
1.480000000e+00 1.045454545e+00 
1.160000000e+00 1.500000000e+00 
1.240000000e+00 1.295454545e+00 
1.080000000e+00 1.750000000e+00 
1.260000000e+00 1.095959596e+00 
1.180000000e+00 1.343434343e+00 
1.480000000e+00 1.045454545e+00 
1.240000000e+00 1.295454545e+00 
1.160000000e+00 1.500000000e+00 
1.240000000e+00 1.295454545e+00 
1.260000000e+00 1.095959596e+00 
1.160000000e+00 1.500000000e+00 
1.480000000e+00 1.045454545e+00 
1.080000000e+00 1.750000000e+00 
1.180000000e+00 1.343434343e+00 
1.180000000e+00 1.343434343e+00 
1.260000000e+00 1.095959596e+00 
1.240000000e+00 1.295454545e+00 
1.480000000e+00 1.045454545e+00 
1.160000000e+00 1.500000000e+00 
1.080000000e+00 1.750000000e+00 
1.240000000e+00 1.295454545e+00 
1.260000000e+00 1.095959596e+00 
1.160000000e+00 1.500000000e+00 
1.480000000e+00 1.045454545e+00 
1.180000000e+00 1.343434343e+00 
1.080000000e+00 1.750000000e+00 
1.080000000e+00 1.750000000e+00 
1.260000000e+00 1.095959596e+00 
1.180000000e+00 1.343434343e+00 
1.480000000e+00 1.045454545e+00 
1.160000000e+00 1.500000000e+00 
1.240000000e+00 1.295454545e+00 
1.180000000e+00 1.343434343e+00 
1.260000000e+00 1.095959596e+00 
1.240000000e+00 1.295454545e+00 
1.480000000e+00 1.045454545e+00 
1.160000000e+00 1.500000000e+00 
1.080000000e+00 1.750000000e+00 
1.420000000e+00 1.095959596e+00 
1.340000000e+00 1.325757576e+00 
2.000000000e+00 1.078282828e+00 
1.080000000e+00 1.750000000e+00 
1.240000000e+00 1.295454545e+00 
1.260000000e+00 1.095959596e+00 
1.180000000e+00 1.343434343e+00 
1.480000000e+00 1.045454545e+00 
1.160000000e+00 1.500000000e+00 
1.080000000e+00 1.750000000e+00 
1.080000000e+00 1.750000000e+00 
1.260000000e+00 1.095959596e+00 
1.160000000e+00 1.500000000e+00 
1.480000000e+00 1.045454545e+00 
1.180000000e+00 1.343434343e+00 
1.240000000e+00 1.295454545e+00 
1.240000000e+00 1.295454545e+00 
1.260000000e+00 1.095959596e+00 
1.180000000e+00 1.343434343e+00 
1.480000000e+00 1.045454545e+00 
1.160000000e+00 1.500000000e+00 
1.080000000e+00 1.750000000e+00 
1.160000000e+00 1.500000000e+00 
1.260000000e+00 1.095959596e+00 
1.180000000e+00 1.343434343e+00 
1.480000000e+00 1.045454545e+00 
1.080000000e+00 1.750000000e+00 
1.240000000e+00 1.295454545e+00 
1.160000000e+00 1.500000000e+00 
1.260000000e+00 1.095959596e+00 
1.240000000e+00 1.295454545e+00 
1.480000000e+00 1.045454545e+00 
1.180000000e+00 1.343434343e+00 
1.080000000e+00 1.750000000e+00 
1.160000000e+00 1.500000000e+00 
1.260000000e+00 1.095959596e+00 
1.180000000e+00 1.343434343e+00 
1.480000000e+00 1.045454545e+00 
1.240000000e+00 1.295454545e+00 
1.080000000e+00 1.750000000e+00 
1.160000000e+00 1.500000000e+00 
1.260000000e+00 1.095959596e+00 
1.180000000e+00 1.343434343e+00 
1.480000000e+00 1.045454545e+00 
1.240000000e+00 1.295454545e+00 
1.080000000e+00 1.750000000e+00 
1.180000000e+00 1.343434343e+00 
1.260000000e+00 1.095959596e+00 
1.240000000e+00 1.295454545e+00 
1.480000000e+00 1.045454545e+00 
1.160000000e+00 1.500000000e+00 
1.080000000e+00 1.750000000e+00 
1.240000000e+00 1.295454545e+00 
1.260000000e+00 1.095959596e+00 
1.180000000e+00 1.343434343e+00 
1.480000000e+00 1.045454545e+00 
1.160000000e+00 1.500000000e+00 
1.080000000e+00 1.750000000e+00 
1.240000000e+00 1.295454545e+00 
1.260000000e+00 1.095959596e+00 
1.160000000e+00 1.500000000e+00 
1.480000000e+00 1.045454545e+00 
1.180000000e+00 1.343434343e+00 
1.080000000e+00 1.750000000e+00 
1.340000000e+00 1.325757576e+00 
1.420000000e+00 1.095959596e+00 
2.000000000e+00 1.078282828e+00 
1.080000000e+00 1.750000000e+00 
1.160000000e+00 1.500000000e+00 
1.260000000e+00 1.095959596e+00 
1.080000000e+00 1.750000000e+00 
1.480000000e+00 1.045454545e+00 
1.240000000e+00 1.295454545e+00 
1.180000000e+00 1.343434343e+00 
1.160000000e+00 1.500000000e+00 
1.260000000e+00 1.095959596e+00 
1.240000000e+00 1.295454545e+00 
1.480000000e+00 1.045454545e+00 
1.180000000e+00 1.343434343e+00 
1.080000000e+00 1.750000000e+00 
1.240000000e+00 1.295454545e+00 
1.260000000e+00 1.095959596e+00 
1.160000000e+00 1.500000000e+00 
1.480000000e+00 1.045454545e+00 
1.180000000e+00 1.343434343e+00 
1.080000000e+00 1.750000000e+00 
1.160000000e+00 1.500000000e+00 
1.260000000e+00 1.095959596e+00 
1.180000000e+00 1.343434343e+00 
1.480000000e+00 1.045454545e+00 
1.240000000e+00 1.295454545e+00 
1.080000000e+00 1.750000000e+00 
1.180000000e+00 1.343434343e+00 
1.260000000e+00 1.095959596e+00 
1.160000000e+00 1.500000000e+00 
1.480000000e+00 1.045454545e+00 
1.240000000e+00 1.295454545e+00 
1.080000000e+00 1.750000000e+00 
1.160000000e+00 1.500000000e+00 
1.260000000e+00 1.095959596e+00 
1.240000000e+00 1.295454545e+00 
1.480000000e+00 1.045454545e+00 
1.180000000e+00 1.343434343e+00 
1.080000000e+00 1.750000000e+00 
1.160000000e+00 1.500000000e+00 
1.260000000e+00 1.095959596e+00 
1.180000000e+00 1.343434343e+00 
1.480000000e+00 1.045454545e+00 
1.240000000e+00 1.295454545e+00 
1.080000000e+00 1.750000000e+00 
1.240000000e+00 1.295454545e+00 
1.260000000e+00 1.095959596e+00 
1.180000000e+00 1.343434343e+00 
1.480000000e+00 1.045454545e+00 
1.160000000e+00 1.500000000e+00 
1.080000000e+00 1.750000000e+00 
1.160000000e+00 1.500000000e+00 
1.260000000e+00 1.095959596e+00 
1.180000000e+00 1.343434343e+00 
1.480000000e+00 1.045454545e+00 
1.240000000e+00 1.295454545e+00 
1.080000000e+00 1.750000000e+00 
1.160000000e+00 1.500000000e+00 
1.260000000e+00 1.095959596e+00 
1.180000000e+00 1.343434343e+00 
1.480000000e+00 1.045454545e+00 
1.240000000e+00 1.295454545e+00 
1.080000000e+00 1.750000000e+00 
1.340000000e+00 1.325757576e+00 
1.420000000e+00 1.095959596e+00 
2.000000000e+00 1.078282828e+00 
1.080000000e+00 1.750000000e+00 
1.240000000e+00 1.295454545e+00 
1.260000000e+00 1.095959596e+00 
1.180000000e+00 1.343434343e+00 
1.480000000e+00 1.045454545e+00 
1.160000000e+00 1.500000000e+00 
1.080000000e+00 1.750000000e+00 
1.180000000e+00 1.343434343e+00 
1.260000000e+00 1.095959596e+00 
1.160000000e+00 1.500000000e+00 
1.480000000e+00 1.045454545e+00 
1.240000000e+00 1.295454545e+00 
1.080000000e+00 1.750000000e+00 
1.080000000e+00 1.750000000e+00 
1.260000000e+00 1.095959596e+00 
1.240000000e+00 1.295454545e+00 
1.480000000e+00 1.045454545e+00 
1.160000000e+00 1.500000000e+00 
1.180000000e+00 1.343434343e+00 
1.240000000e+00 1.295454545e+00 
1.260000000e+00 1.095959596e+00 
1.180000000e+00 1.343434343e+00 
1.480000000e+00 1.045454545e+00 
1.160000000e+00 1.500000000e+00 
1.080000000e+00 1.750000000e+00 
1.160000000e+00 1.500000000e+00 
1.260000000e+00 1.095959596e+00 
1.240000000e+00 1.295454545e+00 
1.480000000e+00 1.045454545e+00 
1.180000000e+00 1.343434343e+00 
1.080000000e+00 1.750000000e+00 
1.180000000e+00 1.343434343e+00 
1.260000000e+00 1.095959596e+00 
1.160000000e+00 1.500000000e+00 
1.480000000e+00 1.045454545e+00 
1.240000000e+00 1.295454545e+00 
1.080000000e+00 1.750000000e+00 
1.160000000e+00 1.500000000e+00 
1.260000000e+00 1.095959596e+00 
1.240000000e+00 1.295454545e+00 
1.480000000e+00 1.045454545e+00 
1.180000000e+00 1.343434343e+00 
1.080000000e+00 1.750000000e+00 
1.180000000e+00 1.343434343e+00 
1.260000000e+00 1.095959596e+00 
1.160000000e+00 1.500000000e+00 
1.480000000e+00 1.045454545e+00 
1.240000000e+00 1.295454545e+00 
1.080000000e+00 1.750000000e+00 
1.240000000e+00 1.295454545e+00 
1.260000000e+00 1.095959596e+00 
1.160000000e+00 1.500000000e+00 
1.480000000e+00 1.045454545e+00 
1.180000000e+00 1.343434343e+00 
1.080000000e+00 1.750000000e+00 
1.240000000e+00 1.295454545e+00 
1.260000000e+00 1.095959596e+00 
1.160000000e+00 1.500000000e+00 
1.480000000e+00 1.045454545e+00 
1.180000000e+00 1.343434343e+00 
1.080000000e+00 1.750000000e+00 
1.340000000e+00 1.325757576e+00 
1.420000000e+00 1.095959596e+00 
1.840000000e+00 1.078282828e+00 
1.080000000e+00 1.750000000e+00 
1.180000000e+00 1.343434343e+00 
1.260000000e+00 1.095959596e+00 
1.240000000e+00 1.295454545e+00 
1.480000000e+00 1.045454545e+00 
1.160000000e+00 1.500000000e+00 
1.080000000e+00 1.750000000e+00 
1.180000000e+00 1.343434343e+00 
1.260000000e+00 1.095959596e+00 
1.080000000e+00 1.750000000e+00 
1.480000000e+00 1.045454545e+00 
1.240000000e+00 1.295454545e+00 
1.160000000e+00 1.500000000e+00 
1.240000000e+00 1.295454545e+00 
1.260000000e+00 1.095959596e+00 
1.180000000e+00 1.343434343e+00 
1.480000000e+00 1.045454545e+00 
1.160000000e+00 1.500000000e+00 
1.080000000e+00 1.750000000e+00 
1.180000000e+00 1.343434343e+00 
1.260000000e+00 1.095959596e+00 
1.160000000e+00 1.500000000e+00 
1.480000000e+00 1.045454545e+00 
1.240000000e+00 1.295454545e+00 
1.080000000e+00 1.750000000e+00 
1.160000000e+00 1.500000000e+00 
1.260000000e+00 1.095959596e+00 
1.180000000e+00 1.343434343e+00 
1.480000000e+00 1.045454545e+00 
1.240000000e+00 1.295454545e+00 
1.080000000e+00 1.750000000e+00 
1.180000000e+00 1.343434343e+00 
1.260000000e+00 1.095959596e+00 
1.240000000e+00 1.295454545e+00 
1.480000000e+00 1.045454545e+00 
1.160000000e+00 1.500000000e+00 
1.080000000e+00 1.750000000e+00 
1.240000000e+00 1.295454545e+00 
1.260000000e+00 1.095959596e+00 
1.180000000e+00 1.343434343e+00 
1.480000000e+00 1.045454545e+00 
1.160000000e+00 1.500000000e+00 
1.080000000e+00 1.750000000e+00 
1.180000000e+00 1.343434343e+00 
1.260000000e+00 1.095959596e+00 
1.160000000e+00 1.500000000e+00 
1.480000000e+00 1.045454545e+00 
1.240000000e+00 1.295454545e+00 
1.080000000e+00 1.750000000e+00 
1.180000000e+00 1.343434343e+00 
1.260000000e+00 1.095959596e+00 
1.240000000e+00 1.295454545e+00 
1.480000000e+00 1.045454545e+00 
1.160000000e+00 1.500000000e+00 
1.080000000e+00 1.750000000e+00 
1.240000000e+00 1.295454545e+00 
1.260000000e+00 1.095959596e+00 
1.160000000e+00 1.500000000e+00 
1.480000000e+00 1.045454545e+00 
1.180000000e+00 1.343434343e+00 
1.080000000e+00 1.750000000e+00 
1.420000000e+00 1.095959596e+00 
1.360000000e+00 1.575757576e+00 
1.080000000e+00 1.750000000e+00 
1.080000000e+00 1.750000000e+00 
1.340000000e+00 1.325757576e+00 
1.840000000e+00 1.078282828e+00 
1.420000000e+00 1.095959596e+00 
1.240000000e+00 1.295454545e+00 
1.260000000e+00 1.095959596e+00 
1.160000000e+00 1.500000000e+00 
1.480000000e+00 1.045454545e+00 
1.180000000e+00 1.343434343e+00 
1.080000000e+00 1.750000000e+00 
1.160000000e+00 1.500000000e+00 
1.260000000e+00 1.095959596e+00 
1.180000000e+00 1.343434343e+00 
1.480000000e+00 1.045454545e+00 
1.240000000e+00 1.295454545e+00 
1.080000000e+00 1.750000000e+00 
1.160000000e+00 1.500000000e+00 
1.260000000e+00 1.095959596e+00 
1.080000000e+00 1.750000000e+00 
1.480000000e+00 1.045454545e+00 
1.180000000e+00 1.343434343e+00 
1.240000000e+00 1.295454545e+00 
1.160000000e+00 1.500000000e+00 
1.260000000e+00 1.095959596e+00 
1.240000000e+00 1.295454545e+00 
1.480000000e+00 1.045454545e+00 
1.180000000e+00 1.343434343e+00 
1.080000000e+00 1.750000000e+00 
1.180000000e+00 1.343434343e+00 
1.260000000e+00 1.095959596e+00 
1.240000000e+00 1.295454545e+00 
1.480000000e+00 1.045454545e+00 
1.160000000e+00 1.500000000e+00 
1.080000000e+00 1.750000000e+00 
1.160000000e+00 1.500000000e+00 
1.260000000e+00 1.095959596e+00 
1.180000000e+00 1.343434343e+00 
1.480000000e+00 1.045454545e+00 
1.240000000e+00 1.295454545e+00 
1.080000000e+00 1.750000000e+00 
1.160000000e+00 1.500000000e+00 
1.260000000e+00 1.095959596e+00 
1.240000000e+00 1.295454545e+00 
1.480000000e+00 1.045454545e+00 
1.180000000e+00 1.343434343e+00 
1.080000000e+00 1.750000000e+00 
1.240000000e+00 1.295454545e+00 
1.260000000e+00 1.095959596e+00 
1.160000000e+00 1.500000000e+00 
1.480000000e+00 1.045454545e+00 
1.180000000e+00 1.343434343e+00 
1.080000000e+00 1.750000000e+00 
1.240000000e+00 1.295454545e+00 
1.260000000e+00 1.095959596e+00 
1.160000000e+00 1.500000000e+00 
1.480000000e+00 1.045454545e+00 
1.180000000e+00 1.343434343e+00 
1.080000000e+00 1.750000000e+00 
1.240000000e+00 1.295454545e+00 
1.260000000e+00 1.095959596e+00 
1.160000000e+00 1.500000000e+00 
1.480000000e+00 1.045454545e+00 
1.180000000e+00 1.343434343e+00 
1.080000000e+00 1.750000000e+00 
1.420000000e+00 1.095959596e+00 
1.840000000e+00 1.078282828e+00 
1.340000000e+00 1.325757576e+00 
1.080000000e+00 1.750000000e+00 
1.080000000e+00 1.750000000e+00 
1.260000000e+00 1.095959596e+00 
1.160000000e+00 1.500000000e+00 
1.480000000e+00 1.045454545e+00 
1.240000000e+00 1.295454545e+00 
1.180000000e+00 1.343434343e+00 
1.180000000e+00 1.343434343e+00 
1.260000000e+00 1.095959596e+00 
1.240000000e+00 1.295454545e+00 
1.480000000e+00 1.045454545e+00 
1.160000000e+00 1.500000000e+00 
1.080000000e+00 1.750000000e+00 
1.080000000e+00 1.750000000e+00 
1.260000000e+00 1.095959596e+00 
1.180000000e+00 1.343434343e+00 
1.480000000e+00 1.045454545e+00 
1.160000000e+00 1.500000000e+00 
1.240000000e+00 1.295454545e+00 
1.240000000e+00 1.295454545e+00 
1.260000000e+00 1.095959596e+00 
1.160000000e+00 1.500000000e+00 
1.480000000e+00 1.045454545e+00 
1.180000000e+00 1.343434343e+00 
1.080000000e+00 1.750000000e+00 
1.180000000e+00 1.343434343e+00 
1.260000000e+00 1.095959596e+00 
1.240000000e+00 1.295454545e+00 
1.480000000e+00 1.045454545e+00 
1.160000000e+00 1.500000000e+00 
1.080000000e+00 1.750000000e+00 
1.180000000e+00 1.343434343e+00 
1.260000000e+00 1.095959596e+00 
1.080000000e+00 1.750000000e+00 
1.480000000e+00 1.045454545e+00 
1.240000000e+00 1.295454545e+00 
1.160000000e+00 1.500000000e+00 
1.180000000e+00 1.343434343e+00 
1.260000000e+00 1.095959596e+00 
1.240000000e+00 1.295454545e+00 
1.480000000e+00 1.045454545e+00 
1.160000000e+00 1.500000000e+00 
1.080000000e+00 1.750000000e+00 
1.080000000e+00 1.750000000e+00 
1.260000000e+00 1.095959596e+00 
1.160000000e+00 1.500000000e+00 
1.480000000e+00 1.045454545e+00 
1.180000000e+00 1.343434343e+00 
1.240000000e+00 1.295454545e+00 
1.180000000e+00 1.343434343e+00 
1.260000000e+00 1.095959596e+00 
1.240000000e+00 1.295454545e+00 
1.480000000e+00 1.045454545e+00 
1.160000000e+00 1.500000000e+00 
1.080000000e+00 1.750000000e+00 
1.240000000e+00 1.295454545e+00 
1.260000000e+00 1.095959596e+00 
1.180000000e+00 1.343434343e+00 
1.480000000e+00 1.045454545e+00 
1.160000000e+00 1.500000000e+00 
1.080000000e+00 1.750000000e+00 
1.340000000e+00 1.325757576e+00 
1.840000000e+00 1.078282828e+00 
1.280000000e+00 1.573232323e+00 
1.080000000e+00 1.750000000e+00 
1.420000000e+00 1.095959596e+00 
1.240000000e+00 1.295454545e+00 
1.260000000e+00 1.095959596e+00 
1.180000000e+00 1.343434343e+00 
1.480000000e+00 1.045454545e+00 
1.160000000e+00 1.500000000e+00 
1.080000000e+00 1.750000000e+00 
1.080000000e+00 1.750000000e+00 
1.260000000e+00 1.095959596e+00 
1.240000000e+00 1.295454545e+00 
1.480000000e+00 1.045454545e+00 
1.160000000e+00 1.500000000e+00 
1.180000000e+00 1.343434343e+00 
1.180000000e+00 1.343434343e+00 
1.260000000e+00 1.095959596e+00 
1.160000000e+00 1.500000000e+00 
1.480000000e+00 1.045454545e+00 
1.240000000e+00 1.295454545e+00 
1.080000000e+00 1.750000000e+00 
1.180000000e+00 1.343434343e+00 
1.260000000e+00 1.095959596e+00 
1.160000000e+00 1.500000000e+00 
1.480000000e+00 1.045454545e+00 
1.240000000e+00 1.295454545e+00 
1.080000000e+00 1.750000000e+00 
1.240000000e+00 1.295454545e+00 
1.260000000e+00 1.095959596e+00 
1.180000000e+00 1.343434343e+00 
1.480000000e+00 1.045454545e+00 
1.160000000e+00 1.500000000e+00 
1.080000000e+00 1.750000000e+00 
1.240000000e+00 1.295454545e+00 
1.260000000e+00 1.095959596e+00 
1.160000000e+00 1.500000000e+00 
1.480000000e+00 1.045454545e+00 
1.180000000e+00 1.343434343e+00 
1.080000000e+00 1.750000000e+00 
1.180000000e+00 1.343434343e+00 
1.260000000e+00 1.095959596e+00 
1.160000000e+00 1.500000000e+00 
1.480000000e+00 1.045454545e+00 
1.240000000e+00 1.295454545e+00 
1.080000000e+00 1.750000000e+00 
1.160000000e+00 1.500000000e+00 
1.260000000e+00 1.095959596e+00 
1.240000000e+00 1.295454545e+00 
1.480000000e+00 1.045454545e+00 
1.180000000e+00 1.343434343e+00 
1.080000000e+00 1.750000000e+00 
1.180000000e+00 1.343434343e+00 
1.260000000e+00 1.095959596e+00 
1.160000000e+00 1.500000000e+00 
1.480000000e+00 1.045454545e+00 
1.240000000e+00 1.295454545e+00 
1.080000000e+00 1.750000000e+00 
1.160000000e+00 1.500000000e+00 
1.260000000e+00 1.095959596e+00 
1.240000000e+00 1.295454545e+00 
1.480000000e+00 1.045454545e+00 
1.180000000e+00 1.343434343e+00 
1.080000000e+00 1.750000000e+00 
1.340000000e+00 1.325757576e+00 
1.840000000e+00 1.078282828e+00 
1.420000000e+00 1.095959596e+00 
1.240000000e+00 1.547979798e+00 
1.080000000e+00 1.750000000e+00 
1.180000000e+00 1.320707071e+00 
1.260000000e+00 1.095959596e+00 
1.240000000e+00 1.295454545e+00 
1.480000000e+00 1.045454545e+00 
1.160000000e+00 1.500000000e+00 
1.080000000e+00 1.750000000e+00 
1.160000000e+00 1.500000000e+00 
1.260000000e+00 1.095959596e+00 
1.180000000e+00 1.320707071e+00 
1.480000000e+00 1.045454545e+00 
1.240000000e+00 1.295454545e+00 
1.080000000e+00 1.750000000e+00 
1.180000000e+00 1.320707071e+00 
1.260000000e+00 1.095959596e+00 
1.240000000e+00 1.295454545e+00 
1.480000000e+00 1.045454545e+00 
1.160000000e+00 1.500000000e+00 
1.080000000e+00 1.750000000e+00 
1.240000000e+00 1.295454545e+00 
1.260000000e+00 1.095959596e+00 
1.160000000e+00 1.500000000e+00 
1.480000000e+00 1.045454545e+00 
1.180000000e+00 1.320707071e+00 
1.080000000e+00 1.750000000e+00 
1.180000000e+00 1.320707071e+00 
1.260000000e+00 1.095959596e+00 
1.160000000e+00 1.500000000e+00 
1.480000000e+00 1.045454545e+00 
1.080000000e+00 1.750000000e+00 
1.240000000e+00 1.295454545e+00 
1.160000000e+00 1.500000000e+00 
1.260000000e+00 1.095959596e+00 
1.240000000e+00 1.295454545e+00 
1.480000000e+00 1.045454545e+00 
1.180000000e+00 1.320707071e+00 
1.080000000e+00 1.750000000e+00 
1.080000000e+00 1.750000000e+00 
1.260000000e+00 1.095959596e+00 
1.160000000e+00 1.500000000e+00 
1.480000000e+00 1.045454545e+00 
1.180000000e+00 1.320707071e+00 
1.240000000e+00 1.295454545e+00 
1.240000000e+00 1.295454545e+00 
1.260000000e+00 1.095959596e+00 
1.160000000e+00 1.500000000e+00 
1.480000000e+00 1.045454545e+00 
1.180000000e+00 1.320707071e+00 
1.080000000e+00 1.750000000e+00 
1.160000000e+00 1.500000000e+00 
1.260000000e+00 1.095959596e+00 
1.240000000e+00 1.295454545e+00 
1.480000000e+00 1.045454545e+00 
1.180000000e+00 1.320707071e+00 
1.080000000e+00 1.750000000e+00 
1.080000000e+00 1.750000000e+00 
1.260000000e+00 1.095959596e+00 
1.160000000e+00 1.500000000e+00 
1.480000000e+00 1.045454545e+00 
1.240000000e+00 1.295454545e+00 
1.180000000e+00 1.320707071e+00 
1.840000000e+00 1.078282828e+00 
1.240000000e+00 1.547979798e+00 
1.420000000e+00 1.095959596e+00 
1.340000000e+00 1.325757576e+00 
1.080000000e+00 1.750000000e+00 
1.160000000e+00 1.500000000e+00 
1.260000000e+00 1.095959596e+00 
1.180000000e+00 1.320707071e+00 
1.480000000e+00 1.045454545e+00 
1.240000000e+00 1.295454545e+00 
1.080000000e+00 1.750000000e+00 
1.240000000e+00 1.295454545e+00 
1.260000000e+00 1.095959596e+00 
1.160000000e+00 1.500000000e+00 
1.480000000e+00 1.045454545e+00 
1.180000000e+00 1.320707071e+00 
1.080000000e+00 1.750000000e+00 
1.080000000e+00 1.750000000e+00 
1.260000000e+00 1.095959596e+00 
1.240000000e+00 1.295454545e+00 
1.480000000e+00 1.045454545e+00 
1.160000000e+00 1.500000000e+00 
1.180000000e+00 1.320707071e+00 
1.240000000e+00 1.295454545e+00 
1.260000000e+00 1.095959596e+00 
1.160000000e+00 1.500000000e+00 
1.480000000e+00 1.045454545e+00 
1.180000000e+00 1.320707071e+00 
1.080000000e+00 1.750000000e+00 
1.180000000e+00 1.320707071e+00 
1.260000000e+00 1.095959596e+00 
1.240000000e+00 1.295454545e+00 
1.480000000e+00 1.045454545e+00 
1.160000000e+00 1.500000000e+00 
1.080000000e+00 1.750000000e+00 
1.180000000e+00 1.320707071e+00 
1.260000000e+00 1.095959596e+00 
1.240000000e+00 1.295454545e+00 
1.480000000e+00 1.045454545e+00 
1.160000000e+00 1.500000000e+00 
1.080000000e+00 1.750000000e+00 
1.160000000e+00 1.500000000e+00 
1.260000000e+00 1.095959596e+00 
1.180000000e+00 1.320707071e+00 
1.480000000e+00 1.045454545e+00 
1.240000000e+00 1.295454545e+00 
1.080000000e+00 1.750000000e+00 
1.180000000e+00 1.320707071e+00 
1.260000000e+00 1.095959596e+00 
1.160000000e+00 1.500000000e+00 
1.480000000e+00 1.045454545e+00 
1.240000000e+00 1.295454545e+00 
1.080000000e+00 1.750000000e+00 
1.180000000e+00 1.320707071e+00 
1.260000000e+00 1.095959596e+00 
1.240000000e+00 1.295454545e+00 
1.480000000e+00 1.045454545e+00 
1.160000000e+00 1.500000000e+00 
1.080000000e+00 1.750000000e+00 
1.160000000e+00 1.500000000e+00 
1.260000000e+00 1.095959596e+00 
1.240000000e+00 1.295454545e+00 
1.480000000e+00 1.045454545e+00 
1.080000000e+00 1.750000000e+00 
1.180000000e+00 1.320707071e+00 
1.080000000e+00 1.750000000e+00 
1.340000000e+00 1.325757576e+00 
1.240000000e+00 1.547979798e+00 
1.840000000e+00 1.078282828e+00 
1.420000000e+00 1.095959596e+00 
1.160000000e+00 1.500000000e+00 
1.260000000e+00 1.095959596e+00 
1.240000000e+00 1.295454545e+00 
1.480000000e+00 1.045454545e+00 
1.080000000e+00 1.750000000e+00 
1.180000000e+00 1.320707071e+00 
1.080000000e+00 1.750000000e+00 
1.260000000e+00 1.095959596e+00 
1.240000000e+00 1.295454545e+00 
1.480000000e+00 1.045454545e+00 
1.160000000e+00 1.500000000e+00 
1.180000000e+00 1.320707071e+00 
1.160000000e+00 1.500000000e+00 
1.260000000e+00 1.095959596e+00 
1.180000000e+00 1.320707071e+00 
1.480000000e+00 1.045454545e+00 
1.240000000e+00 1.295454545e+00 
1.080000000e+00 1.750000000e+00 
1.240000000e+00 1.295454545e+00 
1.260000000e+00 1.095959596e+00 
1.180000000e+00 1.320707071e+00 
1.480000000e+00 1.045454545e+00 
1.160000000e+00 1.500000000e+00 
1.340000000e+00 1.070707071e+00 
1.080000000e+00 1.750000000e+00 
1.180000000e+00 1.320707071e+00 
1.260000000e+00 1.095959596e+00 
1.160000000e+00 1.500000000e+00 
1.480000000e+00 1.045454545e+00 
1.240000000e+00 1.295454545e+00 
1.340000000e+00 1.070707071e+00 
1.080000000e+00 1.750000000e+00 
1.160000000e+00 1.500000000e+00 
1.260000000e+00 1.095959596e+00 
1.240000000e+00 1.295454545e+00 
1.480000000e+00 1.045454545e+00 
1.180000000e+00 1.320707071e+00 
1.340000000e+00 1.070707071e+00 
1.080000000e+00 1.750000000e+00 
1.240000000e+00 1.295454545e+00 
1.260000000e+00 1.095959596e+00 
1.160000000e+00 1.500000000e+00 
1.480000000e+00 1.045454545e+00 
1.180000000e+00 1.320707071e+00 
1.340000000e+00 1.070707071e+00 
1.080000000e+00 1.750000000e+00 
1.180000000e+00 1.320707071e+00 
1.260000000e+00 1.095959596e+00 
1.160000000e+00 1.500000000e+00 
1.480000000e+00 1.045454545e+00 
1.240000000e+00 1.295454545e+00 
1.340000000e+00 1.070707071e+00 
1.080000000e+00 1.750000000e+00 
1.160000000e+00 1.500000000e+00 
1.260000000e+00 1.095959596e+00 
1.180000000e+00 1.320707071e+00 
1.480000000e+00 1.045454545e+00 
1.240000000e+00 1.295454545e+00 
1.340000000e+00 1.070707071e+00 
1.080000000e+00 1.750000000e+00 
1.180000000e+00 1.320707071e+00 
1.240000000e+00 1.295454545e+00 
1.160000000e+00 1.500000000e+00 
1.480000000e+00 1.045454545e+00 
1.260000000e+00 1.093434343e+00 
1.340000000e+00 1.070707071e+00 
1.080000000e+00 1.750000000e+00 
1.340000000e+00 1.325757576e+00 
1.240000000e+00 1.547979798e+00 
1.420000000e+00 1.095959596e+00 
1.840000000e+00 1.078282828e+00 
1.000000000e+00 2.000000000e+00 
1.080000000e+00 1.545454545e+00 
1.160000000e+00 1.090909091e+00 
1.240000000e+00 1.045454545e+00 
1.320000000e+00 1.000000000e+00 
